PdfType: replica
Format: lhagrid1
---
1.00000E-06 1.28121E-06 1.64152E-06 2.10317E-06 2.69463E-06 3.45242E-06 4.42329E-06 5.66715E-06 7.26076E-06 9.30241E-06 1.19180E-05 1.52689E-05 1.95617E-05 2.50609E-05 3.21053E-05 4.11287E-05 5.26863E-05 6.74889E-05 8.64459E-05 1.10720E-04 1.41800E-04 1.81585E-04 2.32503E-04 2.97652E-04 3.80981E-04 4.87518E-04 6.26039E-04 8.00452E-04 1.02297E-03 1.30657E-03 1.66759E-03 2.12729E-03 2.71054E-03 3.44865E-03 4.37927E-03 5.54908E-03 7.01192E-03 8.83064E-03 1.10763E-02 1.38266E-02 1.71641E-02 2.11717E-02 2.59364E-02 3.15062E-02 3.79623E-02 4.53425E-02 5.36750E-02 6.29705E-02 7.32221E-02 8.44039E-02 9.64793E-02 1.09332E-01 1.23067E-01 1.37507E-01 1.52639E-01 1.68416E-01 1.84794E-01 2.01731E-01 2.19016E-01 2.36948E-01 2.55242E-01 2.73927E-01 2.92954E-01 3.12340E-01 3.32036E-01 3.52019E-01 3.72282E-01 3.92772E-01 4.13533E-01 4.34326E-01 4.55495E-01 4.76836E-01 4.98342E-01 5.20006E-01 5.41818E-01 5.63773E-01 5.85861E-01 6.08077E-01 6.30459E-01 6.52800E-01 6.75387E-01 6.98063E-01 7.20830E-01 7.43683E-01 7.66623E-01 7.89636E-01 8.12791E-01 8.35940E-01 8.59175E-01 8.82485E-01 9.05866E-01 9.29311E-01 9.52817E-01 9.76387E-01 1.00000E+00 
1.14018E+00 1.22539E+00 1.32482E+00 1.44156E+00 1.57954E+00 1.74381E+00 1.94091E+00 2.12132E+00 2.17945E+00 2.49622E+00 2.89383E+00 3.39925E+00 4.05063E+00 4.90286E+00 6.03623E+00 7.57063E+00 9.68869E+00 1.26749E+01 1.69835E+01 2.33578E+01 3.30501E+01 4.82334E+01 7.28041E+01 1.13998E+02 1.85779E+02 3.16228E+02 
908 909 
7.30794E+01 1.02406E+01 
5.90033E+01 7.31975E+00 
6.72625E+01 1.57414E+01 
3.83406E+01 9.21021E+00 
5.83782E+00 1.84926E+00 
-3.06623E+01 -6.36397E+00 
-7.16110E+01 -1.54359E+01 
-1.06651E+02 -2.30370E+01 
-1.17487E+02 -2.53533E+01 
-1.73058E+02 -3.69525E+01 
-2.35617E+02 -4.94166E+01 
-3.05864E+02 -6.26329E+01 
-3.84519E+02 -7.64484E+01 
-4.56895E+02 -8.30175E+01 
-5.59096E+02 -9.66288E+01 
-6.72439E+02 -1.10221E+02 
-7.97847E+02 -1.23487E+02 
-9.36356E+02 -1.36069E+02 
-1.08936E+03 -1.47582E+02 
-1.25955E+03 -1.57708E+02 
-1.45450E+03 -1.66531E+02 
-1.69911E+03 -1.75529E+02 
-2.06195E+03 -1.88911E+02 
-2.63811E+03 -2.09459E+02 
-3.38394E+03 -2.25564E+02 
-4.09812E+03 -2.18939E+02 
5.62837E+01 1.11012E+01 
4.47215E+01 8.83492E+00 
5.20959E+01 1.62038E+01 
2.83020E+01 1.10580E+01 
1.57365E+00 5.24069E+00 
-2.84270E+01 -1.25636E+00 
-6.20634E+01 -8.42674E+00 
-9.08271E+01 -1.44224E+01 
-9.97187E+01 -1.62465E+01 
-1.45287E+02 -2.53558E+01 
-1.96522E+02 -3.50882E+01 
-2.53970E+02 -4.53318E+01 
-3.18186E+02 -5.59412E+01 
-3.76496E+02 -6.04433E+01 
-4.59337E+02 -7.05688E+01 
-5.51021E+02 -8.05069E+01 
-6.52240E+02 -8.99833E+01 
-7.63769E+02 -9.86811E+01 
-8.86658E+02 -1.06258E+02 
-1.02299E+03 -1.12409E+02 
-1.17879E+03 -1.17100E+02 
-1.37401E+03 -1.21207E+02 
-1.66365E+03 -1.27269E+02 
-2.12348E+03 -1.36288E+02 
-2.71712E+03 -1.39299E+02 
-3.28215E+03 -1.23995E+02 
4.36613E+01 1.14177E+01 
3.42236E+01 9.62113E+00 
4.07257E+01 1.61439E+01 
2.12250E+01 1.20532E+01 
-6.83834E-01 7.42437E+00 
-2.52736E+01 2.25967E+00 
-5.28358E+01 -3.42560E+00 
-7.63949E+01 -8.16300E+00 
-8.36753E+01 -9.60084E+00 
-1.20966E+02 -1.67539E+01 
-1.62847E+02 -2.43396E+01 
-2.09741E+02 -3.22506E+01 
-2.62073E+02 -4.03516E+01 
-3.08936E+02 -4.33178E+01 
-3.75952E+02 -5.07654E+01 
-4.49968E+02 -5.79152E+01 
-5.31494E+02 -6.45252E+01 
-6.21099E+02 -7.03185E+01 
-7.19567E+02 -7.49937E+01 
-8.28504E+02 -7.82696E+01 
-9.52677E+02 -8.00327E+01 
-1.10804E+03 -8.07345E+01 
-1.33857E+03 -8.17182E+01 
-1.70446E+03 -8.27776E+01 
-2.17548E+03 -7.70337E+01 
-2.62098E+03 -5.65992E+01 
3.43787E+01 1.10900E+01 
2.67021E+01 9.64590E+00 
3.23994E+01 1.54635E+01 
1.64540E+01 1.21956E+01 
-1.46917E+00 8.50083E+00 
-2.15894E+01 4.38884E+00 
-4.41394E+01 -1.19293E-01 
-6.34077E+01 -3.85812E+00 
-6.93603E+01 -4.98936E+00 
-9.98334E+01 -1.05904E+01 
-1.34020E+02 -1.64766E+01 
-1.72243E+02 -2.25472E+01 
-2.14823E+02 -2.86794E+01 
-2.52400E+02 -3.05089E+01 
-3.06517E+02 -3.58999E+01 
-3.66156E+02 -4.09271E+01 
-4.31686E+02 -4.53797E+01 
-5.03520E+02 -4.90178E+01 
-5.82233E+02 -5.15800E+01 
-6.69056E+02 -5.28111E+01 
-7.67749E+02 -5.25534E+01 
-8.91022E+02 -5.09630E+01 
-1.07393E+03 -4.85487E+01 
-1.36415E+03 -4.43206E+01 
-1.73664E+03 -3.30379E+01 
-2.08660E+03 -1.00236E+01 
2.75760E+01 1.02591E+01 
2.13414E+01 9.09059E+00 
2.63259E+01 1.42995E+01 
1.33037E+01 1.16857E+01 
-1.34311E+00 8.73687E+00 
-1.77901E+01 5.46749E+00 
-3.62216E+01 1.90204E+00 
-5.19650E+01 -1.03777E+00 
-5.68272E+01 -1.92393E+00 
-8.17033E+01 -6.28670E+00 
-1.09577E+02 -1.08223E+01 
-1.40692E+02 -1.54385E+01 
-1.75287E+02 -2.00253E+01 
-2.05349E+02 -2.10222E+01 
-2.48974E+02 -2.48393E+01 
-2.96937E+02 -2.82603E+01 
-3.49501E+02 -3.11030E+01 
-4.06957E+02 -3.31619E+01 
-4.69722E+02 -3.42124E+01 
-5.38732E+02 -3.40277E+01 
-6.16940E+02 -3.24281E+01 
-7.14440E+02 -2.93722E+01 
-8.59090E+02 -2.48045E+01 
-1.08851E+03 -1.72624E+01 
-1.38204E+03 -2.78415E+00 
-1.65585E+03 2.10174E+01 
2.25281E+01 9.12863E+00 
1.74662E+01 8.18215E+00 
2.18335E+01 1.28514E+01 
1.12051E+01 1.07643E+01 
-7.57323E-01 8.41710E+00 
-1.41935E+01 5.82729E+00 
-2.92487E+01 3.02084E+00 
-4.21023E+01 7.22708E-01 
-4.60705E+01 3.30233E-02 
-6.63590E+01 -3.34002E+00 
-8.90603E+01 -6.80240E+00 
-1.14357E+02 -1.02712E+01 
-1.42424E+02 -1.36491E+01 
-1.66415E+02 -1.40466E+01 
-2.01518E+02 -1.66677E+01 
-2.40013E+02 -1.88847E+01 
-2.82082E+02 -2.05418E+01 
-3.27927E+02 -2.14643E+01 
-3.77841E+02 -2.14613E+01 
-4.32531E+02 -2.03342E+01 
-4.94306E+02 -1.78973E+01 
-5.71157E+02 -1.39831E+01 
-6.85144E+02 -8.17115E+00 
-8.65854E+02 1.25077E+00 
-1.09627E+03 1.72495E+01 
-1.30958E+03 4.06167E+01 
1.86887E+01 7.88160E+00 
1.45773E+01 7.11698E+00 
1.84161E+01 1.12998E+01 
9.74422E+00 9.63939E+00 
-2.22882E-02 7.77941E+00 
-1.09938E+01 5.73891E+00 
-2.32837E+01 3.54402E+00 
-3.37702E+01 1.76096E+00 
-3.70061E+01 1.22858E+00 
-5.35374E+01 -1.35503E+00 
-7.20051E+01 -3.96754E+00 
-9.25435E+01 -6.53536E+00 
-1.15278E+02 -8.97373E+00 
-1.34372E+02 -8.95119E+00 
-1.62562E+02 -1.06732E+01 
-1.93391E+02 -1.20002E+01 
-2.26980E+02 -1.28002E+01 
-2.63462E+02 -1.29260E+01 
-3.03041E+02 -1.22167E+01 
-3.46243E+02 -1.05009E+01 
-3.94867E+02 -7.59734E+00 
-4.55214E+02 -3.26390E+00 
-5.44696E+02 3.13969E+00 
-6.86485E+02 1.34183E+01 
-8.66621E+02 2.97682E+01 
-1.03201E+03 5.19049E+01 
1.56753E+01 6.65132E+00 
1.23343E+01 6.03630E+00 
1.57212E+01 9.77719E+00 
8.64774E+00 8.46257E+00 
6.77190E-01 6.99683E+00 
-8.27695E+00 5.39947E+00 
-1.83026E+01 3.69586E+00 
-2.68505E+01 2.32464E+00 
-2.94867E+01 1.91767E+00 
-4.29419E+01 -3.94439E-02 
-5.79456E+01 -1.98315E+00 
-7.45946E+01 -3.84899E+00 
-9.29765E+01 -5.56392E+00 
-1.08128E+02 -5.25888E+00 
-1.30716E+02 -6.31465E+00 
-1.55347E+02 -6.99610E+00 
-1.82095E+02 -7.19220E+00 
-2.11042E+02 -6.78005E+00 
-2.42324E+02 -5.62531E+00 
-2.76330E+02 -3.58165E+00 
-3.14454E+02 -4.78717E-01 
-3.61647E+02 3.96324E+00 
-4.31601E+02 1.05005E+01 
-5.42387E+02 2.09233E+01 
-6.82585E+02 3.68344E+01 
-8.10149E+02 5.72569E+01 
1.32351E+01 5.51944E+00 
1.05194E+01 5.02694E+00 
1.35184E+01 8.36565E+00 
7.75139E+00 7.33007E+00 
1.25027E+00 6.18185E+00 
-6.05216E+00 4.94015E+00 
-1.42233E+01 3.62892E+00 
-2.11835E+01 2.58488E+00 
-2.33286E+01 2.27720E+00 
-3.42655E+01 8.13558E-01 
-4.64359E+01 -6.08353E-01 
-5.99076E+01 -1.93277E+00 
-7.47397E+01 -3.09738E+00 
-8.67214E+01 -2.61434E+00 
-1.04778E+02 -3.18585E+00 
-1.24404E+02 -3.41086E+00 
-1.45642E+02 -3.19673E+00 
-1.68536E+02 -2.44167E+00 
-1.93173E+02 -1.03449E+00 
-2.19836E+02 1.14828E+00 
-2.49599E+02 4.26230E+00 
-2.86338E+02 8.59950E+00 
-3.40777E+02 1.49593E+01 
-4.26942E+02 2.50465E+01 
-5.35523E+02 4.00098E+01 
-6.33340E+02 5.84608E+01 
1.12078E+01 4.52571E+00 
9.00047E+00 4.13258E+00 
1.16644E+01 7.10576E+00 
6.96597E+00 6.29381E+00 
1.66783E+00 5.39952E+00 
-4.28166E+00 4.44116E+00 
-1.09335E+01 3.44085E+00 
-1.65932E+01 2.65453E+00 
-1.83362E+01 2.42476E+00 
-2.72119E+01 1.34616E+00 
-3.70660E+01 3.26975E-01 
-4.79442E+01 -5.85062E-01 
-5.98840E+01 -1.33734E+00 
-6.93231E+01 -7.54611E-01 
-8.37187E+01 -9.82918E-01 
-9.93106E+01 -8.96407E-01 
-1.16119E+02 -4.18407E-01 
-1.34161E+02 5.34709E-01 
-1.53488E+02 2.05413E+00 
-1.74303E+02 4.24295E+00 
-1.97429E+02 7.24023E+00 
-2.25886E+02 1.13329E+01 
-2.68037E+02 1.73133E+01 
-3.34718E+02 2.67579E+01 
-4.18356E+02 4.04703E+01 
-4.92872E+02 5.68533E+01 
9.49394E+00 3.68057E+00 
7.70088E+00 3.36705E+00 
1.00730E+01 6.00894E+00 
6.24915E+00 5.37461E+00 
1.93633E+00 4.68164E+00 
-2.90463E+00 3.94699E+00 
-8.31169E+00 3.19077E+00 
-1.29064E+01 2.60546E+00 
-1.43202E+01 2.43620E+00 
-2.15097E+01 1.65468E+00 
-2.94714E+01 9.42356E-01 
-3.82345E+01 3.39665E-01 
-4.78207E+01 -1.09406E-01 
-5.52248E+01 5.15586E-01 
-6.66676E+01 5.22302E-01 
-7.90147E+01 8.10693E-01 
-9.22695E+01 1.44369E+00 
-1.06433E+02 2.48940E+00 
-1.21529E+02 4.02193E+00 
-1.37699E+02 6.12645E+00 
-1.55572E+02 8.92488E+00 
-1.77491E+02 1.26878E+01 
-2.09947E+02 1.81681E+01 
-2.61262E+02 2.67892E+01 
-3.25298E+02 3.90965E+01 
-3.81643E+02 5.34262E+01 
8.03149E+00 2.97662E+00 
6.57649E+00 2.72600E+00 
8.69262E+00 5.06852E+00 
5.58482E+00 4.57392E+00 
2.07920E+00 4.03900E+00 
-1.85350E+00 3.47928E+00 
-6.24099E+00 2.91267E+00 
-9.96392E+00 2.48237E+00 
-1.11083E+01 2.35955E+00 
-1.69193E+01 1.80433E+00 
-2.33365E+01 1.32235E+00 
-3.03770E+01 9.47503E-01 
-3.80510E+01 7.16233E-01 
-4.38307E+01 1.34253E+00 
-5.28967E+01 1.50246E+00 
-6.26394E+01 1.91114E+00 
-7.30511E+01 2.61979E+00 
-8.41209E+01 3.68335E+00 
-9.58544E+01 5.16148E+00 
-1.08349E+02 7.12375E+00 
-1.22081E+02 9.67528E+00 
-1.38857E+02 1.30636E+01 
-1.63691E+02 1.79815E+01 
-2.02935E+02 2.56898E+01 
-2.51629E+02 3.65426E+01 
-2.93871E+02 4.89080E+01 
6.77993E+00 2.39740E+00 
5.60103E+00 2.19582E+00 
7.49122E+00 4.26855E+00 
4.96957E+00 3.88274E+00 
2.12503E+00 3.47066E+00 
-1.06384E+00 3.04624E+00 
-4.61678E+00 2.62527E+00 
-7.62668E+00 2.31302E+00 
-8.55090E+00 2.22536E+00 
-1.32362E+01 1.84001E+00 
-1.83947E+01 1.52787E+00 
-2.40344E+01 1.31709E+00 
-3.01577E+01 1.23757E+00 
-3.46450E+01 1.83714E+00 
-4.18023E+01 2.08946E+00 
-4.94599E+01 2.55895E+00 
-5.76031E+01 3.28693E+00 
-6.62135E+01 4.31730E+00 
-7.52848E+01 5.69754E+00 
-8.48812E+01 7.48385E+00 
-9.53600E+01 9.76541E+00 
-1.08108E+02 1.27630E+01 
-1.26977E+02 1.70984E+01 
-1.56778E+02 2.38690E+01 
-1.93520E+02 3.32906E+01 
-2.24875E+02 4.38273E+01 
5.71034E+00 1.92335E+00 
4.75690E+00 1.75949E+00 
6.44674E+00 3.58961E+00 
4.40459E+00 3.28762E+00 
2.10102E+00 2.97001E+00 
-4.79264E-01 2.64909E+00 
-3.34984E+00 2.33858E+00 
-5.77732E+00 2.11499E+00 
-6.52183E+00 2.05356E+00 
-1.02894E+01 1.79355E+00 
-1.44237E+01 1.60398E+00 
-1.89268E+01 1.50800E+00 
-2.37954E+01 1.52988E+00 
-2.72581E+01 2.08465E+00 
-3.28868E+01 2.38506E+00 
-3.88799E+01 2.87318E+00 
-4.52186E+01 3.58196E+00 
-5.18805E+01 4.54611E+00 
-5.88517E+01 5.80298E+00 
-6.61721E+01 7.39736E+00 
-7.41078E+01 9.40377E+00 
-8.37167E+01 1.20149E+01 
-9.79371E+01 1.57766E+01 
-1.20387E+02 2.16291E+01 
-1.47863E+02 2.96906E+01 
-1.70864E+02 3.85608E+01 
4.79970E+00 1.53532E+00 
4.03020E+00 1.40014E+00 
5.54180E+00 3.01242E+00 
3.89142E+00 2.77436E+00 
2.02999E+00 2.52861E+00 
-5.30320E-02 2.28593E+00 
-2.36653E+00 2.05809E+00 
-4.31907E+00 1.90004E+00 
-4.91714E+00 1.85784E+00 
-7.93775E+00 1.68848E+00 
-1.12406E+01 1.58501E+00 
-1.48235E+01 1.56629E+00 
-1.86797E+01 1.65182E+00 
-2.13335E+01 2.15129E+00 
-2.57415E+01 2.46843E+00 
-3.04101E+01 2.94628E+00 
-3.53185E+01 3.61086E+00 
-4.04425E+01 4.48927E+00 
-4.57638E+01 5.61048E+00 
-5.13052E+01 7.00966E+00 
-5.72625E+01 8.74806E+00 
-6.44368E+01 1.09905E+01 
-7.50545E+01 1.42066E+01 
-9.18095E+01 1.91901E+01 
-1.12144E+02 2.59926E+01 
-1.28780E+02 3.33704E+01 
4.02805E+00 1.21640E+00 
3.40834E+00 1.10283E+00 
4.76102E+00 2.51967E+00 
3.43021E+00 2.32990E+00 
1.92954E+00 2.13825E+00 
2.52102E-01 1.95397E+00 
-1.60746E+00 1.78707E+00 
-3.17347E+00 1.67659E+00 
-3.65247E+00 1.64820E+00 
-6.06660E+00 1.54279E+00 
-8.69612E+00 1.49771E+00 
-1.15361E+01 1.52815E+00 
-1.45776E+01 1.64961E+00 
-1.65958E+01 2.08888E+00 
-2.00322E+01 2.40130E+00 
-2.36506E+01 2.85011E+00 
-2.74296E+01 3.45562E+00 
-3.13448E+01 4.23866E+00 
-3.53759E+01 5.22132E+00 
-3.95337E+01 6.43078E+00 
-4.39605E+01 7.91646E+00 
-4.92581E+01 9.81655E+00 
-5.70997E+01 1.25275E+01 
-6.94698E+01 1.67091E+01 
-8.43338E+01 2.23700E+01 
-9.61569E+01 2.84312E+01 
3.37722E+00 9.52580E-01 
2.87922E+00 8.55187E-01 
4.09004E+00 2.09679E+00 
3.01934E+00 1.94316E+00 
1.81242E+00 1.79178E+00 
4.65087E-01 1.65053E+00 
-1.02541E+00 1.52780E+00 
-2.27760E+00 1.45111E+00 
-2.66003E+00 1.43239E+00 
-4.58298E+00 1.37069E+00 
-6.66871E+00 1.36328E+00 
-8.91061E+00 1.42225E+00 
-1.12989E+01 1.55978E+00 
-1.28203E+01 1.93802E+00 
-1.54862E+01 2.23179E+00 
-1.82750E+01 2.64036E+00 
-2.11660E+01 3.17931E+00 
-2.41356E+01 3.86440E+00 
-2.71630E+01 4.71216E+00 
-3.02508E+01 5.74311E+00 
-3.35010E+01 6.99634E+00 
-3.73616E+01 8.58532E+00 
-4.30781E+01 1.08383E+01 
-5.20939E+01 1.42949E+01 
-6.27986E+01 1.89385E+01 
-7.10159E+01 2.38537E+01 
2.83052E+00 7.32723E-01 
2.43112E+00 6.47396E-01 
3.51518E+00 1.73194E+00 
2.65571E+00 1.60513E+00 
1.68740E+00 1.48342E+00 
6.08084E-01 1.37342E+00 
-5.83106E-01 1.28208E+00 
-1.58121E+00 1.22878E+00 
-1.88551E+00 1.21662E+00 
-3.41182E+00 1.18355E+00 
-5.05976E+00 1.19862E+00 
-6.82190E+00 1.27134E+00 
-8.68818E+00 1.41118E+00 
-9.82368E+00 1.73039E+00 
-1.18808E+01 1.99718E+00 
-1.40172E+01 2.35980E+00 
-1.62132E+01 2.83001E+00 
-1.84468E+01 3.41947E+00 
-2.06979E+01 4.14021E+00 
-2.29636E+01 5.00733E+00 
-2.53157E+01 6.05098E+00 
-2.80841E+01 7.36223E+00 
-3.21863E+01 9.20714E+00 
-3.86556E+01 1.20197E+01 
-4.62238E+01 1.57706E+01 
-5.17687E+01 1.97003E+01 
2.37269E+00 5.48197E-01 
2.05293E+00 4.71891E-01 
3.02366E+00 1.41569E+00 
2.33524E+00 1.30868E+00 
1.56023E+00 1.20860E+00 
6.97939E-01 1.12096E+00 
-2.51214E-01 1.05144E+00 
-1.04418E+00 1.01379E+00 
-1.28549E+00 1.00589E+00 
-2.49251E+00 9.90415E-01 
-3.78920E+00 1.01711E+00 
-5.16789E+00 1.09336E+00 
-6.61875E+00 1.22639E+00 
-7.45644E+00 1.49042E+00 
-9.03476E+00 1.72598E+00 
-1.06604E+01 2.04089E+00 
-1.23152E+01 2.44382E+00 
-1.39793E+01 2.94315E+00 
-1.56337E+01 3.54735E+00 
-1.72724E+01 4.26711E+00 
-1.89445E+01 5.12500E+00 
-2.08902E+01 6.19212E+00 
-2.37767E+01 7.67910E+00 
-2.83296E+01 9.92818E+00 
-3.35557E+01 1.29063E+01 
-3.71453E+01 1.59985E+01 
1.99005E+00 3.92401E-01 
1.73440E+00 3.22900E-01 
2.60373E+00 1.14063E+00 
2.05343E+00 1.04817E+00 
1.43456E+00 9.63743E-01 
7.47468E-01 8.91852E-01 
-6.56897E-03 8.37105E-01 
-6.34469E-01 8.09467E-01 
-8.25156E-01 8.04164E-01 
-1.77606E+00 7.98435E-01 
-2.79200E+00 8.29249E-01 
-3.86545E+00 9.02247E-01 
-4.98715E+00 1.02285E+00 
-5.59683E+00 1.23670E+00 
-6.80025E+00 1.43968E+00 
-8.02806E+00 1.70780E+00 
-9.26401E+00 2.04730E+00 
-1.04902E+01 2.46396E+00 
-1.16893E+01 2.96344E+00 
-1.28536E+01 3.55292E+00 
-1.40159E+01 4.24856E+00 
-1.53481E+01 5.10408E+00 
-1.73283E+01 6.28148E+00 
-2.04538E+01 8.04443E+00 
-2.39513E+01 1.03624E+01 
-2.61328E+01 1.27509E+01 
1.67053E+00 2.60269E-01 
1.46631E+00 1.95992E-01 
2.24486E+00 9.00853E-01 
1.80573E+00 8.19124E-01 
1.31260E+00 7.45956E-01 
7.66487E-01 6.85003E-01 
1.69216E-01 6.39945E-01 
-3.26327E-01 6.18320E-01 
-4.76474E-01 6.14454E-01 
-1.22271E+00 6.13053E-01 
-2.01516E+00 6.43020E-01 
-2.84668E+00 7.08586E-01 
-3.70879E+00 8.13731E-01 
-4.14543E+00 9.82977E-01 
-5.05680E+00 1.15400E+00 
-5.97651E+00 1.37805E+00 
-6.89017E+00 1.65941E+00 
-7.78200E+00 2.00186E+00 
-8.63664E+00 2.40888E+00 
-9.44549E+00 2.88488E+00 
-1.02296E+01 3.44073E+00 
-1.11099E+01 4.11518E+00 
-1.24228E+01 5.02834E+00 
-1.44979E+01 6.37751E+00 
-1.67372E+01 8.13854E+00 
-1.79248E+01 9.94248E+00 
1.40374E+00 1.47898E-01 
1.24064E+00 8.77392E-02 
1.93785E+00 6.91639E-01 
1.58788E+00 6.17908E-01 
1.19565E+00 5.52863E-01 
7.62584E-01 4.99426E-01 
2.90798E-01 4.60496E-01 
-9.90296E-02 4.42142E-01 
-2.16844E-01 4.38926E-01 
-8.00213E-01 4.38292E-01 
-1.41553E+00 4.64357E-01 
-2.05625E+00 5.20219E-01 
-2.71471E+00 6.08716E-01 
-3.02139E+00 7.39131E-01 
-3.70651E+00 8.80116E-01 
-4.38909E+00 1.06387E+00 
-5.05655E+00 1.29315E+00 
-5.69521E+00 1.57022E+00 
-6.29162E+00 1.89689E+00 
-6.83718E+00 2.27540E+00 
-7.34446E+00 2.71233E+00 
-7.89687E+00 3.23379E+00 
-8.72560E+00 3.92431E+00 
-1.00393E+01 4.92594E+00 
-1.13787E+01 6.22315E+00 
-1.18828E+01 7.54736E+00 
1.18084E+00 5.21950E-02 
1.05047E+00 -4.59218E-03 
1.67472E+00 5.09116E-01 
1.39602E+00 4.41486E-01 
1.08446E+00 3.82382E-01 
7.41693E-01 3.34106E-01 
3.69955E-01 2.98909E-01 
6.42152E-02 2.82033E-01 
-2.79216E-02 2.78965E-01 
-4.82256E-01 2.76923E-01 
-9.57879E-01 2.97431E-01 
-1.44888E+00 3.42687E-01 
-1.94848E+00 4.14633E-01 
-2.15872E+00 5.11894E-01 
-2.66964E+00 6.25539E-01 
-3.17095E+00 7.73325E-01 
-3.65182E+00 9.56869E-01 
-4.10055E+00 1.17725E+00 
-4.50555E+00 1.43507E+00 
-4.85866E+00 1.73094E+00 
-5.16665E+00 2.06794E+00 
-5.48539E+00 2.46172E+00 
-5.96925E+00 2.96712E+00 
-6.74115E+00 3.68080E+00 
-7.45090E+00 4.59685E+00 
-7.50180E+00 5.53238E+00 
9.94380E-01 -2.93315E-02 
8.90002E-01 -8.32342E-02 
1.44871E+00 3.50048E-01 
1.22674E+00 2.87257E-01 
9.79416E-01 2.32638E-01 
7.08494E-01 1.87979E-01 
4.16184E-01 1.54991E-01 
1.77029E-01 1.38509E-01 
1.05190E-01 1.35297E-01 
-2.47408E-01 1.30683E-01 
-6.13420E-01 1.44978E-01 
-9.87601E-01 1.79676E-01 
-1.36405E+00 2.36022E-01 
-1.50377E+00 3.05513E-01 
-1.88143E+00 3.94914E-01 
-2.24524E+00 5.11264E-01 
-2.58598E+00 6.55316E-01 
-2.89376E+00 8.27305E-01 
-3.15875E+00 1.02694E+00 
-3.37349E+00 1.25362E+00 
-3.54090E+00 1.50771E+00 
-3.69705E+00 1.79630E+00 
-3.94105E+00 2.14987E+00 
-4.33653E+00 2.62840E+00 
-4.61861E+00 3.23573E+00 
-4.38458E+00 3.86078E+00 
8.38191E-01 -9.87404E-02 
7.54353E-01 -1.50055E-01 
1.25411E+00 2.11682E-01 
1.07711E+00 1.52939E-01 
8.80725E-01 1.01895E-01 
6.66705E-01 5.99070E-02 
4.37164E-01 2.82478E-02 
2.50480E-01 1.15890E-02 
1.94607E-01 8.09262E-03 
-7.81937E-02 4.61619E-04 
-3.58682E-01 8.58022E-03 
-6.42277E-01 3.33920E-02 
-9.23903E-01 7.56109E-02 
-1.01294E+00 1.22301E-01 
-1.28943E+00 1.90683E-01 
-1.54985E+00 2.80065E-01 
-1.78644E+00 3.90570E-01 
-1.99095E+00 5.21834E-01 
-2.15515E+00 6.72954E-01 
-2.27247E+00 8.42468E-01 
-2.34335E+00 1.02867E+00 
-2.38994E+00 1.23178E+00 
-2.47235E+00 1.46268E+00 
-2.61465E+00 1.75222E+00 
-2.61807E+00 2.11353E+00 
-2.22013E+00 2.49459E+00 
7.07157E-01 -1.57763E-01 
6.39492E-01 -2.06651E-01 
1.08613E+00 9.16365E-02 
9.44620E-01 3.64991E-02 
7.88446E-01 -1.14865E-02 
6.19286E-01 -5.13133E-02 
4.39107E-01 -8.20651E-02 
2.93562E-01 -9.91094E-02 
2.50181E-01 -1.02925E-01 
3.96256E-02 -1.13528E-01 
-1.74533E-01 -1.11103E-01 
-3.88347E-01 -9.51253E-02 
-5.97497E-01 -6.52793E-02 
-6.50912E-01 -3.69138E-02 
-8.51219E-01 1.36189E-02 
-1.03466E+00 8.02717E-02 
-1.19478E+00 1.62726E-01 
-1.32479E+00 2.60219E-01 
-1.41790E+00 3.71451E-01 
-1.46848E+00 4.94383E-01 
-1.47550E+00 6.25756E-01 
-1.45157E+00 7.60457E-01 
-1.43004E+00 8.93917E-01 
-1.40975E+00 1.03434E+00 
-1.24282E+00 1.20327E+00 
-7.66098E-01 1.39628E+00 
5.95501E-01 -2.08588E-01 
5.40688E-01 -2.55081E-01 
9.38678E-01 -1.36581E-02 
8.25425E-01 -6.53391E-02 
7.01274E-01 -1.10459E-01 
5.67790E-01 -1.48302E-01 
4.26758E-01 -1.78241E-01 
3.13731E-01 -1.95642E-01 
2.80203E-01 -1.99745E-01 
1.18574E-01 -2.13002E-01 
-4.37797E-02 -2.15589E-01 
-2.03502E-01 -2.07304E-01 
-3.56973E-01 -1.88124E-01 
-3.85749E-01 -1.74327E-01 
-5.28462E-01 -1.38857E-01 
-6.54499E-01 -9.12891E-02 
-7.58575E-01 -3.22360E-02 
-8.35182E-01 3.72930E-02 
-8.78848E-01 1.15772E-01 
-8.84865E-01 2.00803E-01 
-8.51451E-01 2.88010E-01 
-7.84822E-01 3.68186E-01 
-7.00408E-01 4.24760E-01 
-5.81998E-01 4.48543E-01 
-3.21006E-01 4.68526E-01 
1.76293E-01 5.18153E-01 
5.03156E-01 -2.50927E-01 
4.58199E-01 -2.95065E-01 
8.12938E-01 -1.02801E-01 
7.21379E-01 -1.51118E-01 
6.21823E-01 -1.93468E-01 
5.15697E-01 -2.29364E-01 
4.04598E-01 -2.58406E-01 
3.16343E-01 -2.75975E-01 
2.90302E-01 -2.80286E-01 
1.65717E-01 -2.95614E-01 
4.23094E-02 -3.02247E-01 
-7.70949E-02 -3.00209E-01 
-1.89485E-01 -2.89684E-01 
-2.02384E-01 -2.86786E-01 
-3.03351E-01 -2.63381E-01 
-3.88471E-01 -2.31056E-01 
-4.53460E-01 -1.90594E-01 
-4.93907E-01 -1.43126E-01 
-5.05451E-01 -9.02695E-02 
-4.84255E-01 -3.46012E-02 
-4.28286E-01 1.87750E-02 
-3.39832E-01 5.77295E-02 
-2.23282E-01 5.69726E-02 
-5.49500E-02 -5.18279E-03 
2.44697E-01 -9.36410E-02 
7.23980E-01 -1.46612E-01 
4.25355E-01 -2.86735E-01 
3.88059E-01 -3.28486E-01 
7.03636E-01 -1.79192E-01 
6.28956E-01 -2.24087E-01 
5.48543E-01 -2.63605E-01 
4.63675E-01 -2.97445E-01 
3.75758E-01 -3.25383E-01 
3.06613E-01 -3.42859E-01 
2.86334E-01 -3.47280E-01 
1.90131E-01 -3.64068E-01 
9.63279E-02 -3.73832E-01 
7.27531E-03 -3.76757E-01 
-7.45529E-02 -3.73160E-01 
-7.75949E-02 -3.78268E-01 
-1.48117E-01 -3.64474E-01 
-2.04012E-01 -3.44284E-01 
-2.41860E-01 -3.18560E-01 
-2.58184E-01 -2.88461E-01 
-2.49578E-01 -2.55600E-01 
-2.12999E-01 -2.22602E-01 
-1.46481E-01 -1.94999E-01 
-5.00527E-02 -1.86924E-01 
7.82525E-02 -2.29805E-01 
2.64632E-01 -3.54042E-01 
5.67023E-01 -5.19668E-01 
1.00499E+00 -6.44177E-01 
3.59742E-01 -3.16952E-01 
3.28379E-01 -3.56267E-01 
6.08447E-01 -2.44273E-01 
5.46849E-01 -2.85643E-01 
4.81277E-01 -3.22218E-01 
4.12858E-01 -3.53838E-01 
3.42814E-01 -3.80417E-01 
2.88336E-01 -3.97514E-01 
2.72464E-01 -4.01945E-01 
1.97878E-01 -4.19573E-01 
1.26417E-01 -4.31587E-01 
6.00118E-02 -4.38277E-01 
6.69599E-04 -4.40036E-01 
3.20824E-03 -4.50734E-01 
-4.54312E-02 -4.44394E-01 
-8.08790E-02 -4.33628E-01 
-1.00451E-01 -4.19309E-01 
-1.01459E-01 -4.02556E-01 
-8.13019E-02 -3.84911E-01 
-3.76464E-02 -3.68945E-01 
3.12187E-02 -3.60388E-01 
1.26358E-01 -3.74612E-01 
2.52820E-01 -4.47042E-01 
4.36055E-01 -6.13697E-01 
7.18193E-01 -8.30949E-01 
1.10203E+00 -1.00205E+00 
3.04364E-01 -3.42400E-01 
2.77582E-01 -3.79227E-01 
5.25421E-01 -2.99339E-01 
4.73937E-01 -3.37081E-01 
4.19839E-01 -3.70593E-01 
3.64110E-01 -3.99823E-01 
3.07795E-01 -4.24791E-01 
2.64524E-01 -4.41232E-01 
2.52009E-01 -4.45574E-01 
1.93793E-01 -4.63464E-01 
1.39069E-01 -4.76922E-01 
8.94041E-02 -4.86296E-01 
4.63983E-02 -4.92014E-01 
5.15630E-02 -5.06327E-01 
1.83736E-02 -5.05566E-01 
-3.15108E-03 -5.01886E-01 
-1.09457E-02 -4.96116E-01 
-2.97992E-03 -4.89294E-01 
2.26777E-02 -4.82840E-01 
6.77462E-02 -4.79203E-01 
1.33576E-01 -4.84127E-01 
2.21542E-01 -5.13608E-01 
3.37562E-01 -6.05308E-01 
5.04319E-01 -7.98388E-01 
7.52597E-01 -1.04669E+00 
1.07684E+00 -1.24463E+00 
2.57538E-01 -3.63821E-01 
2.34295E-01 -3.98115E-01 
4.52815E-01 -3.45626E-01 
4.09163E-01 -3.79658E-01 
3.63945E-01 -4.10004E-01 
3.18004E-01 -4.36698E-01 
2.72223E-01 -4.59827E-01 
2.37498E-01 -4.75366E-01 
2.27532E-01 -4.79535E-01 
1.81663E-01 -4.97172E-01 
1.39402E-01 -5.11361E-01 
1.01995E-01 -5.22472E-01 
7.06959E-02 -5.30931E-01 
7.65170E-02 -5.47269E-01 
5.39985E-02 -5.50481E-01 
4.16101E-02 -5.51891E-01 
4.09021E-02 -5.52252E-01 
5.33639E-02 -5.52487E-01 
8.03775E-02 -5.53870E-01 
1.23142E-01 -5.58680E-01 
1.82603E-01 -5.72540E-01 
2.59946E-01 -6.11571E-01 
3.60517E-01 -7.14263E-01 
5.03106E-01 -9.20944E-01 
7.10540E-01 -1.18396E+00 
9.74678E-01 -1.39340E+00 
2.18025E-01 -3.81791E-01 
1.97515E-01 -4.13531E-01 
3.89407E-01 -3.84087E-01 
3.51828E-01 -4.14382E-01 
3.13484E-01 -4.41512E-01 
2.75084E-01 -4.65567E-01 
2.37364E-01 -4.86684E-01 
2.09126E-01 -5.01118E-01 
2.01084E-01 -5.05039E-01 
1.64463E-01 -5.21984E-01 
1.31386E-01 -5.36287E-01 
1.02825E-01 -5.48309E-01 
7.97367E-02 -5.58450E-01 
8.49601E-02 -5.75549E-01 
6.95603E-02 -5.81345E-01 
6.28091E-02 -5.86133E-01 
6.58351E-02 -5.90565E-01 
7.96914E-02 -5.95434E-01 
1.05319E-01 -6.01852E-01 
1.43488E-01 -6.11907E-01 
1.94740E-01 -6.30997E-01 
2.59767E-01 -6.74981E-01 
3.42478E-01 -7.82048E-01 
4.57275E-01 -9.92163E-01 
6.21601E-01 -1.25713E+00 
8.28510E-01 -1.46633E+00 
1.84703E-01 -3.96856E-01 
1.66310E-01 -4.26039E-01 
3.34025E-01 -4.15675E-01 
3.01195E-01 -4.42264E-01 
2.68201E-01 -4.66179E-01 
2.35630E-01 -4.87547E-01 
2.04083E-01 -5.06527E-01 
1.80760E-01 -5.19694E-01 
1.74166E-01 -5.23310E-01 
1.44434E-01 -5.39194E-01 
1.18059E-01 -5.53081E-01 
9.57754E-02 -5.65302E-01 
7.82964E-02 -5.76211E-01 
8.21788E-02 -5.93076E-01 
7.12966E-02 -6.00269E-01 
6.76727E-02 -6.06976E-01 
7.20969E-02 -6.13742E-01 
8.52772E-02 -6.21224E-01 
1.07809E-01 -6.30372E-01 
1.40119E-01 -6.43072E-01 
1.82368E-01 -6.64427E-01 
2.34598E-01 -7.09737E-01 
2.98820E-01 -8.16009E-01 
3.84975E-01 -1.02168E+00 
5.07050E-01 -1.27885E+00 
6.61613E-01 -1.47912E+00 
1.56635E-01 -4.09471E-01 
1.39892E-01 -4.36114E-01 
2.85672E-01 -4.41225E-01 
2.56604E-01 -4.64196E-01 
2.27809E-01 -4.84950E-01 
1.99765E-01 -5.03625E-01 
1.72948E-01 -5.20388E-01 
1.53342E-01 -5.32164E-01 
1.47833E-01 -5.35425E-01 
1.23193E-01 -5.49937E-01 
1.01638E-01 -5.62950E-01 
8.37043E-02 -5.74749E-01 
6.99021E-02 -5.85631E-01 
7.20480E-02 -6.01485E-01 
6.37932E-02 -6.09051E-01 
6.15220E-02 -6.16436E-01 
6.57585E-02 -6.24074E-01 
7.69453E-02 -6.32493E-01 
9.54151E-02 -6.42490E-01 
1.21325E-01 -6.55752E-01 
1.54500E-01 -6.77040E-01 
1.94270E-01 -7.20868E-01 
2.40561E-01 -8.22393E-01 
2.99064E-01 -1.01766E+00 
3.81727E-01 -1.25981E+00 
4.89921E-01 -1.44499E+00 
1.32975E-01 -4.20021E-01 
1.17519E-01 -4.44147E-01 
2.43395E-01 -4.61475E-01 
2.17354E-01 -4.80962E-01 
1.91891E-01 -4.98639E-01 
1.67382E-01 -5.14645E-01 
1.44194E-01 -5.29136E-01 
1.27386E-01 -5.39414E-01 
1.22685E-01 -5.42279E-01 
1.01767E-01 -5.55142E-01 
8.36043E-02 -5.66870E-01 
6.85734E-02 -5.77694E-01 
5.70187E-02 -5.87845E-01 
5.72531E-02 -6.02071E-01 
5.02660E-02 -6.09123E-01 
4.81172E-02 -6.16127E-01 
5.11284E-02 -6.23414E-01 
5.95450E-02 -6.31395E-01 
7.35069E-02 -6.40729E-01 
9.29682E-02 -6.52911E-01 
1.17465E-01 -6.72338E-01 
1.45615E-01 -7.12569E-01 
1.75255E-01 -8.06404E-01 
2.08196E-01 -9.86894E-01 
2.55378E-01 -1.20885E+00 
3.23548E-01 -1.37476E+00 
1.12995E-01 -4.28762E-01 
9.85317E-02 -4.50385E-01 
2.06359E-01 -4.76974E-01 
1.82788E-01 -4.93136E-01 
1.59986E-01 -5.07838E-01 
1.38239E-01 -5.21206E-01 
1.17817E-01 -5.33375E-01 
1.03089E-01 -5.42056E-01 
9.89779E-02 -5.44483E-01 
8.07144E-02 -5.55435E-01 
6.48457E-02 -5.65493E-01 
5.16180E-02 -5.74832E-01 
4.12475E-02 -5.83620E-01 
3.95284E-02 -5.95719E-01 
3.28399E-02 -6.01485E-01 
2.99830E-02 -6.07208E-01 
3.11323E-02 -6.13130E-01 
3.63933E-02 -6.19561E-01 
4.57717E-02 -6.27042E-01 
5.90753E-02 -6.36893E-01 
7.55973E-02 -6.53130E-01 
9.32812E-02 -6.88235E-01 
1.07979E-01 -7.72282E-01 
1.18078E-01 -9.34915E-01 
1.34262E-01 -1.13321E+00 
1.68744E-01 -1.27733E+00 
9.59823E-02 -4.35809E-01 
8.22467E-02 -4.54912E-01 
1.73707E-01 -4.88087E-01 
1.52161E-01 -5.01078E-01 
1.31480E-01 -5.12895E-01 
1.11869E-01 -5.23640E-01 
9.35178E-02 -5.33420E-01 
8.02937E-02 -5.40390E-01 
7.66002E-02 -5.42338E-01 
6.01453E-02 -5.51108E-01 
4.57121E-02 -5.59122E-01 
3.34472E-02 -5.66497E-01 
2.34713E-02 -5.73346E-01 
1.98283E-02 -5.82903E-01 
1.27640E-02 -5.86717E-01 
8.66876E-03 -5.90409E-01 
7.61612E-03 -5.94144E-01 
9.61957E-03 -5.98156E-01 
1.45980E-02 -6.02888E-01 
2.22580E-02 -6.09503E-01 
3.16926E-02 -6.21629E-01 
4.02267E-02 -6.50584E-01 
4.18940E-02 -7.23455E-01 
3.21402E-02 -8.66222E-01 
2.19335E-02 -1.03873E+00 
2.87477E-02 -1.15984E+00 
8.11964E-02 -4.41078E-01 
6.79295E-02 -4.57594E-01 
1.44536E-01 -4.94932E-01 
1.24633E-01 -5.04876E-01 
1.05610E-01 -5.13860E-01 
8.76053E-02 -5.21958E-01 
7.07411E-02 -5.29243E-01 
5.85443E-02 -5.34368E-01 
5.51258E-02 -5.35788E-01 
3.97942E-02 -5.42090E-01 
2.61179E-02 -5.47687E-01 
1.41716E-02 -5.52648E-01 
4.01068E-03 -5.57039E-01 
-1.48816E-03 -5.63703E-01 
-9.37212E-03 -5.65011E-01 
-1.50031E-02 -5.66068E-01 
-1.83704E-02 -5.66990E-01 
-1.95145E-02 -5.67948E-01 
-1.85667E-02 -5.69314E-01 
-1.58864E-02 -5.72109E-01 
-1.25451E-02 -5.79572E-01 
-1.17758E-02 -6.01793E-01 
-2.11714E-02 -6.62692E-01 
-4.77507E-02 -7.84467E-01 
-7.98723E-02 -9.30192E-01 
-9.51861E-02 -1.02812E+00 
6.78232E-02 -4.44237E-01 
5.47517E-02 -4.58031E-01 
1.17855E-01 -4.97339E-01 
9.92394E-02 -5.04303E-01 
8.14547E-02 -5.10448E-01 
6.45868E-02 -5.15822E-01 
4.87064E-02 -5.20467E-01 
3.71346E-02 -5.23586E-01 
3.38728E-02 -5.24423E-01 
1.91049E-02 -5.27959E-01 
5.65157E-03 -5.30777E-01 
-6.45865E-03 -5.32913E-01 
-1.72101E-02 -5.34400E-01 
-2.44686E-02 -5.37888E-01 
-3.34238E-02 -5.36260E-01 
-4.06956E-02 -5.34247E-01 
-4.63061E-02 -5.31927E-01 
-5.03210E-02 -5.29438E-01 
-5.28944E-02 -5.27093E-01 
-5.44271E-02 -5.25789E-01 
-5.61272E-02 -5.28375E-01 
-6.17261E-02 -5.43669E-01 
-8.02463E-02 -5.92317E-01 
-1.20720E-01 -6.92715E-01 
-1.70557E-01 -8.11569E-01 
-2.03010E-01 -8.86984E-01 
5.49327E-02 -4.44654E-01 
4.17644E-02 -4.55517E-01 
9.25713E-02 -4.94826E-01 
7.48935E-02 -4.98807E-01 
5.79550E-02 -5.02048E-01 
4.18022E-02 -5.04570E-01 
2.64699E-02 -5.06393E-01 
1.51867E-02 -5.07334E-01 
1.19847E-02 -5.07533E-01 
-2.66448E-03 -5.08012E-01 
-1.62952E-02 -5.07729E-01 
-2.89032E-02 -5.06698E-01 
-4.04911E-02 -5.04936E-01 
-4.93765E-02 -5.05049E-01 
-5.94813E-02 -5.00210E-01 
-6.83293E-02 -4.94876E-01 
-7.59527E-02 -4.89108E-01 
-8.24223E-02 -4.83022E-01 
-8.78974E-02 -4.76895E-01 
-9.28036E-02 -4.71507E-01 
-9.84656E-02 -4.69318E-01 
-1.09058E-01 -4.77845E-01 
-1.34841E-01 -5.14412E-01 
-1.86441E-01 -5.93686E-01 
-2.50134E-01 -6.86351E-01 
-2.95302E-01 -7.40590E-01 
4.14749E-02 -4.41382E-01 
2.79115E-02 -4.49047E-01 
6.75111E-02 -4.86618E-01 
5.04344E-02 -4.87553E-01 
3.39831E-02 -4.87780E-01 
1.81789E-02 -4.87299E-01 
3.03510E-03 -4.86115E-01 
-8.22358E-03 -4.84716E-01 
-1.14395E-02 -4.84228E-01 
-2.62921E-02 -4.81410E-01 
-4.03608E-02 -4.77783E-01 
-5.36480E-02 -4.73356E-01 
-6.61578E-02 -4.68142E-01 
-7.64795E-02 -4.64799E-01 
-8.76468E-02 -4.56663E-01 
-9.78477E-02 -4.47971E-01 
-1.07110E-01 -4.38785E-01 
-1.15497E-01 -4.29214E-01 
-1.23164E-01 -4.19504E-01 
-1.30552E-01 -4.10330E-01 
-1.39088E-01 -4.03759E-01 
-1.53340E-01 -4.06000E-01 
-1.84614E-01 -4.31061E-01 
-2.44753E-01 -4.90033E-01 
-3.18784E-01 -5.57857E-01 
-3.72778E-01 -5.92808E-01 
2.62897E-02 -4.33187E-01 
1.20569E-02 -4.37358E-01 
4.14474E-02 -4.71706E-01 
2.46706E-02 -4.69503E-01 
8.40637E-03 -4.66593E-01 
-7.33585E-03 -4.62971E-01 
-2.25511E-02 -4.58631E-01 
-3.39598E-02 -4.54780E-01 
-3.72355E-02 -4.53573E-01 
-5.24709E-02 -4.47316E-01 
-6.70826E-02 -4.40232E-01 
-8.10668E-02 -4.32336E-01 
-9.44180E-02 -4.23652E-01 
-1.05904E-01 -4.16924E-01 
-1.17887E-01 -4.05616E-01 
-1.29071E-01 -3.93764E-01 
-1.39471E-01 -3.81435E-01 
-1.49137E-01 -3.68741E-01 
-1.58217E-01 -3.55906E-01 
-1.67165E-01 -3.43498E-01 
-1.77501E-01 -3.33195E-01 
-1.94133E-01 -3.29902E-01 
-2.29231E-01 -3.44378E-01 
-2.95498E-01 -3.84357E-01 
-3.76673E-01 -4.29238E-01 
-4.36100E-01 -4.47194E-01 
8.32677E-03 -4.18748E-01 
-6.77576E-03 -4.19189E-01 
1.34198E-02 -4.49146E-01 
-3.28399E-03 -4.43752E-01 
-1.95660E-02 -4.37651E-01 
-3.54178E-02 -4.30839E-01 
-5.08324E-02 -4.23314E-01 
-6.24541E-02 -4.17005E-01 
-6.58012E-02 -4.15080E-01 
-8.14303E-02 -4.05419E-01 
-9.65147E-02 -3.94967E-01 
-1.11037E-01 -3.83753E-01 
-1.24975E-01 -3.71818E-01 
-1.37248E-01 -3.61983E-01 
-1.49648E-01 -3.47878E-01 
-1.61310E-01 -3.33315E-01 
-1.72235E-01 -3.18377E-01 
-1.82460E-01 -3.03177E-01 
-1.92127E-01 -2.87917E-01 
-2.01705E-01 -2.73064E-01 
-2.12795E-01 -2.59906E-01 
-2.30591E-01 -2.52081E-01 
-2.67931E-01 -2.57247E-01 
-3.38046E-01 -2.80079E-01 
-4.23427E-01 -3.04512E-01 
-4.85325E-01 -3.08152E-01 
-1.34441E-02 -3.96704E-01 
-2.94985E-02 -3.93276E-01 
-1.75029E-02 -4.18012E-01 
-3.42414E-02 -4.09452E-01 
-5.06108E-02 -4.00206E-01 
-6.65955E-02 -3.90281E-01 
-8.21796E-02 -3.79684E-01 
-9.39507E-02 -3.71036E-01 
-9.73436E-02 -3.68434E-01 
-1.13198E-01 -3.55601E-01 
-1.28508E-01 -3.42078E-01 
-1.43240E-01 -3.27916E-01 
-1.57356E-01 -3.13177E-01 
-1.69936E-01 -3.00707E-01 
-1.82232E-01 -2.84392E-01 
-1.93769E-01 -2.67781E-01 
-2.04537E-01 -2.50965E-01 
-2.14565E-01 -2.34062E-01 
-2.23991E-01 -2.17250E-01 
-2.33303E-01 -2.00888E-01 
-2.44175E-01 -1.85888E-01 
-2.62021E-01 -1.74674E-01 
-3.00144E-01 -1.72002E-01 
-3.71992E-01 -1.79839E-01 
-4.58924E-01 -1.86622E-01 
-5.20767E-01 -1.78747E-01 
-3.96118E-02 -3.66075E-01 
-5.65350E-02 -3.58825E-01 
-5.16675E-02 -3.77905E-01 
-6.83950E-02 -3.66361E-01 
-8.47586E-02 -3.54192E-01 
-1.00731E-01 -3.41420E-01 
-1.16284E-01 -3.28071E-01 
-1.28009E-01 -3.17367E-01 
-1.31384E-01 -3.14178E-01 
-1.47120E-01 -2.98640E-01 
-1.62242E-01 -2.82585E-01 
-1.76703E-01 -2.66085E-01 
-1.90454E-01 -2.49221E-01 
-2.02772E-01 -2.34789E-01 
-2.14358E-01 -2.17050E-01 
-2.25110E-01 -1.99232E-01 
-2.35010E-01 -1.81435E-01 
-2.44088E-01 -1.63773E-01 
-2.52486E-01 -1.46394E-01 
-2.60709E-01 -1.29550E-01 
-2.70491E-01 -1.13792E-01 
-2.87396E-01 -1.00418E-01 
-3.24968E-01 -9.15540E-02 
-3.96579E-01 -8.68576E-02 
-4.82654E-01 -7.90959E-02 
-5.42313E-01 -6.25834E-02 
-7.02572E-02 -3.26453E-01 
-8.77794E-02 -3.15667E-01 
-8.88836E-02 -3.29060E-01 
-1.05386E-01 -3.14907E-01 
-1.21482E-01 -3.00239E-01 
-1.37132E-01 -2.85096E-01 
-1.52293E-01 -2.69523E-01 
-1.63660E-01 -2.57211E-01 
-1.66921E-01 -2.53573E-01 
-1.82043E-01 -2.36022E-01 
-1.96435E-01 -2.18188E-01 
-2.10039E-01 -2.00160E-01 
-2.22799E-01 -1.82034E-01 
-2.34234E-01 -1.66467E-01 
-2.44474E-01 -1.48220E-01 
-2.53777E-01 -1.30146E-01 
-2.62130E-01 -1.12345E-01 
-2.69566E-01 -9.49204E-02 
-2.76238E-01 -7.79857E-02 
-2.82671E-01 -6.16846E-02 
-2.90638E-01 -4.62344E-02 
-3.05767E-01 -3.19226E-02 
-3.41614E-01 -1.85742E-02 
-4.11195E-01 -3.97257E-03 
-4.94278E-01 1.50964E-02 
-5.50025E-01 3.74556E-02 
-1.04804E-01 -2.78250E-01 
-1.22477E-01 -2.64459E-01 
-1.28320E-01 -2.72521E-01 
-1.44230E-01 -2.56333E-01 
-1.59650E-01 -2.39788E-01 
-1.74528E-01 -2.22945E-01 
-1.88814E-01 -2.05865E-01 
-1.99426E-01 -1.92532E-01 
-2.02453E-01 -1.88620E-01 
-2.16375E-01 -1.69925E-01 
-2.29422E-01 -1.51222E-01 
-2.41534E-01 -1.32612E-01 
-2.52658E-01 -1.14197E-01 
-2.62592E-01 -9.84110E-02 
-2.70882E-01 -8.06207E-02 
-2.78136E-01 -6.32623E-02 
-2.84349E-01 -4.64280E-02 
-2.89566E-01 -3.02026E-02 
-2.93955E-01 -1.46585E-02 
-2.98060E-01 1.63409E-04 
-3.03667E-01 1.43453E-02 
-3.16377E-01 2.84702E-02 
-3.49516E-01 4.46336E-02 
-4.15495E-01 6.64816E-02 
-4.93763E-01 9.36469E-02 
-5.44279E-01 1.19279E-01 
-1.41991E-01 -2.22793E-01 
-1.59228E-01 -2.06753E-01 
-1.68536E-01 -2.10164E-01 
-1.83374E-01 -1.92683E-01 
-1.97612E-01 -1.75042E-01 
-2.11190E-01 -1.57315E-01 
-2.24052E-01 -1.39578E-01 
-2.33476E-01 -1.25899E-01 
-2.36140E-01 -1.21914E-01 
-2.48247E-01 -1.03043E-01 
-2.59334E-01 -8.44570E-02 
-2.69346E-01 -6.62586E-02 
-2.78241E-01 -4.85470E-02 
-2.86119E-01 -3.34595E-02 
-2.91953E-01 -1.70495E-02 
-2.96675E-01 -1.30985E-03 
-3.00297E-01 1.36835E-02 
-3.02881E-01 2.78710E-02 
-3.04612E-01 4.12240E-02 
-3.06045E-01 5.37972E-02 
-3.08953E-01 6.59281E-02 
-3.18814E-01 7.89120E-02 
-3.48487E-01 9.63571E-02 
-4.09562E-01 1.22901E-01 
-4.81547E-01 1.55135E-01 
-5.25925E-01 1.81800E-01 
-1.79957E-01 -1.62294E-01 
-1.96102E-01 -1.44915E-01 
-2.07624E-01 -1.44587E-01 
-2.20863E-01 -1.26658E-01 
-2.33381E-01 -1.08789E-01 
-2.45117E-01 -9.10640E-02 
-2.56013E-01 -7.35691E-02 
-2.63833E-01 -6.02448E-02 
-2.66016E-01 -5.63903E-02 
-2.75745E-01 -3.83186E-02 
-2.84329E-01 -2.08144E-02 
-2.91729E-01 -3.97276E-03 
-2.97918E-01 1.21194E-02 
-3.03308E-01 2.56736E-02 
-3.06328E-01 3.99078E-02 
-3.08203E-01 5.32767E-02 
-3.08966E-01 6.57275E-02 
-3.08696E-01 7.72306E-02 
-3.07597E-01 8.78015E-02 
-3.06227E-01 9.75788E-02 
-3.06316E-01 1.07105E-01 
-3.13120E-01 1.18220E-01 
-3.38815E-01 1.35630E-01 
-3.93996E-01 1.64553E-01 
-4.58622E-01 1.99152E-01 
-4.96362E-01 2.25023E-01 
-2.16480E-01 -9.95970E-02 
-2.30885E-01 -8.18497E-02 
-2.43462E-01 -7.88085E-02 
-2.54601E-01 -6.12953E-02 
-2.64905E-01 -4.40665E-02 
-2.74316E-01 -2.72120E-02 
-2.82781E-01 -1.08185E-02 
-2.88653E-01 1.49604E-03 
-2.90255E-01 5.02968E-03 
-2.97161E-01 2.14163E-02 
-3.02838E-01 3.69870E-02 
-3.07266E-01 5.16633E-02 
-3.10440E-01 6.53783E-02 
-3.13076E-01 7.67233E-02 
-3.13108E-01 8.81802E-02 
-3.12014E-01 9.86366E-02 
-3.09848E-01 1.08068E-01 
-3.06709E-01 1.16475E-01 
-3.02814E-01 1.23917E-01 
-2.98716E-01 1.30601E-01 
-2.96069E-01 1.37221E-01 
-2.99822E-01 1.45992E-01 
-3.21279E-01 1.62319E-01 
-3.69909E-01 1.91643E-01 
-4.26508E-01 2.26330E-01 
-4.57487E-01 2.50038E-01 
-2.49090E-01 -3.81681E-02 
-2.61210E-01 -2.09811E-02 
-2.73847E-01 -1.62610E-02 
-2.82490E-01 4.74577E-05 
-2.90206E-01 1.58607E-02 
-2.96943E-01 3.10903E-02 
-3.02660E-01 4.56542E-02 
-3.06362E-01 5.64180E-02 
-3.07324E-01 5.94768E-02 
-3.11147E-01 7.34735E-02 
-3.13708E-01 8.64597E-02 
-3.15009E-01 9.83797E-02 
-3.15071E-01 1.09193E-01 
-3.14886E-01 1.17877E-01 
-3.11967E-01 1.26205E-01 
-3.07993E-01 1.33466E-01 
-3.03038E-01 1.39664E-01 
-2.97220E-01 1.44832E-01 
-2.90764E-01 1.49064E-01 
-2.84205E-01 1.52619E-01 
-2.79097E-01 1.56290E-01 
-2.80007E-01 1.62508E-01 
-2.97221E-01 1.77013E-01 
-3.39017E-01 2.05164E-01 
-3.87360E-01 2.38163E-01 
-4.11816E-01 2.58814E-01 
-2.76083E-01 1.96582E-02 
-2.85492E-01 3.54709E-02 
-2.97397E-01 4.09496E-02 
-3.03259E-01 5.53856E-02 
-3.08131E-01 6.91412E-02 
-3.11973E-01 8.21353E-02 
-3.14757E-01 9.42966E-02 
-3.16174E-01 1.03096E-01 
-3.16467E-01 1.05564E-01 
-3.17102E-01 1.16653E-01 
-3.16496E-01 1.26600E-01 
-3.14677E-01 1.35377E-01 
-3.11688E-01 1.42971E-01 
-3.08769E-01 1.48739E-01 
-3.03082E-01 1.53791E-01 
-2.96460E-01 1.57776E-01 
-2.88995E-01 1.60727E-01 
-2.80819E-01 1.62705E-01 
-2.72157E-01 1.63835E-01 
-2.63519E-01 1.64408E-01 
-2.56330E-01 1.65268E-01 
-2.54716E-01 1.68919E-01 
-2.67836E-01 1.81124E-01 
-3.02745E-01 2.06928E-01 
-3.42863E-01 2.36939E-01 
-3.61216E-01 2.54020E-01 
-2.95553E-01 7.06669E-02 
-3.02027E-01 8.44821E-02 
-3.12641E-01 8.99493E-02 
-3.15626E-01 1.02041E-01 
-3.17592E-01 1.13305E-01 
-3.18515E-01 1.23672E-01 
-3.18385E-01 1.33086E-01 
-3.17561E-01 1.39688E-01 
-3.17202E-01 1.41504E-01 
-3.14765E-01 1.49432E-01 
-3.11160E-01 1.56152E-01 
-3.06439E-01 1.61667E-01 
-3.00669E-01 1.65995E-01 
-2.95290E-01 1.68842E-01 
-2.87199E-01 1.70723E-01 
-2.78330E-01 1.71599E-01 
-2.68790E-01 1.71528E-01 
-2.58719E-01 1.70595E-01 
-2.48337E-01 1.68944E-01 
-2.38116E-01 1.66884E-01 
-2.29337E-01 1.65265E-01 
-2.25647E-01 1.66541E-01 
-2.35023E-01 1.76249E-01 
-2.63321E-01 1.98950E-01 
-2.95623E-01 2.25162E-01 
-3.08546E-01 2.38543E-01 
-3.06597E-01 1.13054E-01 
-3.10091E-01 1.24456E-01 
-3.19080E-01 1.29341E-01 
-3.19246E-01 1.38811E-01 
-3.18402E-01 1.47348E-01 
-3.16540E-01 1.54898E-01 
-3.13666E-01 1.61425E-01 
-3.10762E-01 1.65758E-01 
-3.09803E-01 1.66906E-01 
-3.04568E-01 1.71639E-01 
-2.98282E-01 1.75163E-01 
-2.91021E-01 1.77510E-01 
-2.82871E-01 1.78729E-01 
-2.75425E-01 1.78834E-01 
-2.65396E-01 1.77828E-01 
-2.54773E-01 1.75927E-01 
-2.43671E-01 1.73211E-01 
-2.32231E-01 1.69783E-01 
-2.20664E-01 1.65796E-01 
-2.09396E-01 1.61563E-01 
-1.99550E-01 1.57899E-01 
-1.94275E-01 1.57119E-01 
-2.00358E-01 1.64339E-01 
-2.22516E-01 1.83531E-01 
-2.47621E-01 2.05540E-01 
-2.55880E-01 2.15358E-01 
-3.08916E-01 1.45645E-01 
-3.09551E-01 1.54425E-01 
-3.16782E-01 1.58356E-01 
-3.14331E-01 1.65118E-01 
-3.10912E-01 1.70884E-01 
-3.06534E-01 1.75620E-01 
-3.01224E-01 1.79310E-01 
-2.96499E-01 1.81447E-01 
-2.95019E-01 1.81955E-01 
-2.87389E-01 1.83656E-01 
-2.78861E-01 1.84203E-01 
-2.69529E-01 1.83657E-01 
-2.59497E-01 1.82093E-01 
-2.50458E-01 1.79787E-01 
-2.39021E-01 1.76311E-01 
-2.27186E-01 1.72087E-01 
-2.15071E-01 1.67212E-01 
-2.02814E-01 1.61795E-01 
-1.90609E-01 1.55996E-01 
-1.78828E-01 1.50112E-01 
-1.68433E-01 1.44900E-01 
-1.62076E-01 1.42463E-01 
-1.65382E-01 1.47364E-01 
-1.82019E-01 1.62940E-01 
-2.00703E-01 1.80678E-01 
-2.05114E-01 1.87267E-01 
-3.02862E-01 1.68073E-01 
-3.00893E-01 1.74205E-01 
-3.06396E-01 1.76991E-01 
-3.01638E-01 1.81120E-01 
-2.95983E-01 1.84232E-01 
-2.89461E-01 1.86315E-01 
-2.82112E-01 1.87374E-01 
-2.75894E-01 1.87504E-01 
-2.73993E-01 1.87431E-01 
-2.64453E-01 1.86415E-01 
-2.54195E-01 1.84350E-01 
-2.43324E-01 1.81317E-01 
-2.31955E-01 1.77412E-01 
-2.21835E-01 1.73128E-01 
-2.09540E-01 1.67684E-01 
-1.97043E-01 1.61662E-01 
-1.84459E-01 1.55165E-01 
-1.71917E-01 1.48308E-01 
-1.59590E-01 1.41244E-01 
-1.47795E-01 1.34248E-01 
-1.37329E-01 1.27994E-01 
-1.30368E-01 1.24330E-01 
-1.31435E-01 1.27192E-01 
-1.43262E-01 1.39276E-01 
-1.56392E-01 1.52932E-01 
-1.57764E-01 1.56744E-01 
-2.89336E-01 1.80695E-01 
-2.85111E-01 1.84303E-01 
-2.89031E-01 1.85899E-01 
-2.82346E-01 1.87595E-01 
-2.74863E-01 1.88293E-01 
-2.66625E-01 1.88001E-01 
-2.57690E-01 1.86744E-01 
-2.50342E-01 1.85137E-01 
-2.48127E-01 1.84566E-01 
-2.37204E-01 1.81254E-01 
-2.25754E-01 1.77028E-01 
-2.13892E-01 1.71993E-01 
-2.01737E-01 1.66258E-01 
-1.91044E-01 1.60479E-01 
-1.78420E-01 1.53604E-01 
-1.65777E-01 1.46327E-01 
-1.53226E-01 1.38755E-01 
-1.40882E-01 1.31000E-01 
-1.28891E-01 1.23201E-01 
-1.17514E-01 1.15603E-01 
-1.07393E-01 1.08788E-01 
-1.00251E-01 1.04323E-01 
-9.96064E-02 1.05488E-01 
-1.07372E-01 1.14366E-01 
-1.15846E-01 1.24308E-01 
-1.14936E-01 1.25855E-01 
-2.69853E-01 1.84454E-01 
-2.63786E-01 1.85788E-01 
-2.66355E-01 1.86267E-01 
-2.58170E-01 1.85834E-01 
-2.49303E-01 1.84456E-01 
-2.39811E-01 1.82159E-01 
-2.29763E-01 1.78988E-01 
-2.21658E-01 1.75972E-01 
-2.19240E-01 1.75003E-01 
-2.07463E-01 1.69881E-01 
-1.95352E-01 1.64008E-01 
-1.83026E-01 1.57497E-01 
-1.70603E-01 1.50470E-01 
-1.59809E-01 1.43695E-01 
-1.47327E-01 1.35921E-01 
-1.34992E-01 1.27919E-01 
-1.22902E-01 1.19789E-01 
-1.11155E-01 1.11636E-01 
-9.98700E-02 1.03583E-01 
-8.92532E-02 9.58383E-02 
-7.98019E-02 8.88858E-02 
-7.28337E-02 8.40117E-02 
-7.09722E-02 8.38546E-02 
-7.54490E-02 8.99425E-02 
-8.01761E-02 9.66761E-02 
-7.76754E-02 9.64887E-02 
-2.45550E-01 1.80759E-01 
-2.38037E-01 1.80087E-01 
-2.39497E-01 1.79572E-01 
-2.30210E-01 1.77322E-01 
-2.20370E-01 1.74206E-01 
-2.10048E-01 1.70269E-01 
-1.99322E-01 1.65574E-01 
-1.90801E-01 1.61466E-01 
-1.88280E-01 1.60194E-01 
-1.76125E-01 1.53727E-01 
-1.63828E-01 1.46685E-01 
-1.51505E-01 1.39189E-01 
-1.39266E-01 1.31360E-01 
-1.28778E-01 1.24041E-01 
-1.16842E-01 1.15843E-01 
-1.05194E-01 1.07577E-01 
-9.39183E-02 9.93371E-02 
-8.30923E-02 9.12130E-02 
-7.28078E-02 8.33093E-02 
-6.32180E-02 7.57938E-02 
-5.46883E-02 6.90533E-02 
-4.81723E-02 6.40990E-02 
-4.55091E-02 6.29597E-02 
-4.73646E-02 6.66720E-02 
-4.91264E-02 7.06915E-02 
-4.55983E-02 6.92363E-02 
-2.18319E-01 1.71152E-01 
-2.09764E-01 1.68803E-01 
-2.10380E-01 1.67471E-01 
-2.00383E-01 1.63757E-01 
-1.89971E-01 1.59279E-01 
-1.79223E-01 1.54098E-01 
-1.68224E-01 1.48288E-01 
-1.59599E-01 1.43416E-01 
-1.57065E-01 1.41936E-01 
-1.44961E-01 1.34590E-01 
-1.32894E-01 1.26847E-01 
-1.20972E-01 1.18831E-01 
-1.09295E-01 1.10659E-01 
-9.94411E-02 1.03206E-01 
-8.83631E-02 9.50020E-02 
-7.76878E-02 8.68718E-02 
-6.74796E-02 7.88958E-02 
-5.77971E-02 7.11491E-02 
-4.87043E-02 6.37142E-02 
-4.03065E-02 5.67200E-02 
-3.28534E-02 5.04604E-02 
-2.69864E-02 4.56933E-02 
-2.38832E-02 4.38977E-02 
-2.37636E-02 4.56964E-02 
-2.33078E-02 4.75433E-02 
-1.92307E-02 4.52538E-02 
-1.89594E-01 1.57243E-01 
-1.80363E-01 1.53545E-01 
-1.80384E-01 1.51582E-01 
-1.70023E-01 1.46743E-01 
-1.59388E-01 1.41256E-01 
-1.48563E-01 1.35196E-01 
-1.37636E-01 1.28647E-01 
-1.29170E-01 1.23304E-01 
-1.26699E-01 1.21704E-01 
-1.14998E-01 1.13889E-01 
-1.03495E-01 1.05855E-01 
-9.22893E-02 9.77177E-02 
-8.14631E-02 8.95867E-02 
-7.24901E-02 8.23389E-02 
-6.24948E-02 7.44647E-02 
-5.29873E-02 6.67835E-02 
-4.40129E-02 5.93597E-02 
-3.56097E-02 5.22508E-02 
-2.78162E-02 4.55169E-02 
-2.06953E-02 3.92503E-02 
-1.43979E-02 3.36597E-02 
-9.30365E-03 2.92773E-02 
-6.04698E-03 2.71020E-02 
-4.50719E-03 2.74192E-02 
-2.47130E-03 2.75951E-02 
1.78475E-03 2.48304E-02 
-1.60740E-01 1.40573E-01 
-1.51157E-01 1.35839E-01 
-1.50802E-01 1.33428E-01 
-1.40375E-01 1.27778E-01 
-1.29812E-01 1.21605E-01 
-1.19198E-01 1.14995E-01 
-1.08623E-01 1.08039E-01 
-1.00524E-01 1.02481E-01 
-9.81765E-02 1.00835E-01 
-8.71512E-02 9.29034E-02 
-7.64667E-02 8.49171E-02 
-6.62045E-02 7.69846E-02 
-5.64313E-02 6.92007E-02 
-4.85016E-02 6.24186E-02 
-3.97268E-02 5.51273E-02 
-3.14967E-02 4.81230E-02 
-2.38378E-02 4.14530E-02 
-1.67684E-02 3.51563E-02 
-1.03042E-02 2.92717E-02 
-4.47167E-03 2.38578E-02 
6.59932E-04 1.90489E-02 
4.92341E-03 1.51825E-02 
8.11693E-03 1.28527E-02 
1.06083E-02 1.20809E-02 
1.36898E-02 1.10368E-02 
1.78509E-02 8.08319E-03 
-1.32787E-01 1.22443E-01 
-1.23126E-01 1.16958E-01 
-1.22583E-01 1.14269E-01 
-1.12336E-01 1.08085E-01 
-1.02082E-01 1.01509E-01 
-9.19084E-02 9.46307E-02 
-8.19029E-02 8.75469E-02 
-7.43291E-02 8.19873E-02 
-7.21481E-02 8.03560E-02 
-6.19971E-02 7.25916E-02 
-5.23055E-02 6.49228E-02 
-4.31376E-02 5.74446E-02 
-3.45406E-02 5.02356E-02 
-2.77440E-02 4.41057E-02 
-2.02534E-02 3.75713E-02 
-1.33389E-02 3.13933E-02 
-7.00864E-03 2.56012E-02 
-1.26301E-03 2.02163E-02 
3.90217E-03 1.52574E-02 
8.49038E-03 1.07536E-02 
1.24978E-02 6.77584E-03 
1.59246E-02 3.49962E-03 
1.89014E-02 1.18806E-03 
2.19645E-02 -3.35150E-04 
2.56613E-02 -2.21352E-03 
2.95379E-02 -5.14099E-03 
-1.06606E-01 1.03983E-01 
-9.70931E-02 9.80026E-02 
-9.65161E-02 9.51847E-02 
-8.66441E-02 8.87116E-02 
-7.68842E-02 8.19716E-02 
-6.73230E-02 7.50606E-02 
-5.80427E-02 6.80763E-02 
-5.11028E-02 6.26830E-02 
-4.91185E-02 6.11147E-02 
-3.99693E-02 5.37354E-02 
-3.13737E-02 4.65828E-02 
-2.33775E-02 3.97360E-02 
-1.60081E-02 3.32552E-02 
-1.03676E-02 2.78935E-02 
-4.15875E-03 2.22169E-02 
1.46555E-03 1.69427E-02 
6.51366E-03 1.20830E-02 
1.10009E-02 7.64266E-03 
1.49478E-02 3.62297E-03 
1.83818E-02 2.81747E-05 
2.13491E-02 -3.12256E-03 
2.39760E-02 -5.78403E-03 
2.66376E-02 -7.95319E-03 
2.99731E-02 -9.94579E-03 
3.39482E-02 -1.23384E-02 
3.74217E-02 -1.50880E-02 
-8.27697E-02 8.60567E-02 
-7.35863E-02 7.98008E-02 
-7.30972E-02 7.69820E-02 
-6.37498E-02 7.04232E-02 
-5.46199E-02 6.37171E-02 
-4.57908E-02 5.69619E-02 
-3.73382E-02 5.02539E-02 
-3.10987E-02 4.51538E-02 
-2.93281E-02 4.36837E-02 
-2.12476E-02 3.68460E-02 
-1.37902E-02 3.03443E-02 
-6.98282E-03 2.42405E-02 
-8.33524E-04 1.85755E-02 
3.68068E-03 1.40374E-02 
8.66166E-03 9.25772E-03 
1.30689E-02 4.90513E-03 
1.69251E-02 9.75991E-04 
2.02585E-02 -2.53952E-03 
2.31027E-02 -5.65494E-03 
2.55027E-02 -8.38603E-03 
2.75415E-02 -1.07543E-02 
2.94356E-02 -1.28149E-02 
3.17287E-02 -1.47606E-02 
3.51114E-02 -1.69975E-02 
3.91125E-02 -1.96504E-02 
4.21215E-02 -2.21252E-02 
-6.16017E-02 6.92695E-02 
-5.28878E-02 6.29260E-02 
-5.25793E-02 6.02116E-02 
-4.38652E-02 5.37347E-02 
-3.54591E-02 4.72204E-02 
-2.74386E-02 4.07666E-02 
-1.98715E-02 3.44658E-02 
-1.43633E-02 2.97489E-02 
-1.28133E-02 2.84014E-02 
-5.81913E-03 2.22076E-02 
5.06556E-04 1.64367E-02 
6.15511E-03 1.11324E-02 
1.11364E-02 6.31671E-03 
1.45933E-02 2.60821E-03 
1.84374E-02 -1.28418E-03 
2.17340E-02 -4.74319E-03 
2.45177E-02 -7.78631E-03 
2.68269E-02 -1.04356E-02 
2.87046E-02 -1.27164E-02 
3.02081E-02 -1.46598E-02 
3.14453E-02 -1.63177E-02 
3.26926E-02 -1.78191E-02 
3.45994E-02 -1.94962E-02 
3.78676E-02 -2.18054E-02 
4.17155E-02 -2.45254E-02 
4.42420E-02 -2.66727E-02 
-4.32724E-02 5.40501E-02 
-3.51308E-02 4.77739E-02 
-3.50691E-02 4.52476E-02 
-2.70609E-02 3.89860E-02 
-1.94347E-02 3.27849E-02 
-1.22612E-02 2.67391E-02 
-5.59867E-03 2.09355E-02 
-8.22910E-04 1.66590E-02 
5.08467E-04 1.54487E-02 
6.43949E-03 9.95479E-03 
1.16795E-02 4.94757E-03 
1.62366E-02 4.52980E-04 
2.01367E-02 -3.52479E-03 
2.26350E-02 -6.43716E-03 
2.54597E-02 -9.49061E-03 
2.77753E-02 -1.21197E-02 
2.96253E-02 -1.43532E-02 
3.10550E-02 -1.62230E-02 
3.21139E-02 -1.77632E-02 
3.28666E-02 -1.90158E-02 
3.34361E-02 -2.00540E-02 
3.41336E-02 -2.10573E-02 
3.56634E-02 -2.24494E-02 
3.87094E-02 -2.47059E-02 
4.22854E-02 -2.73534E-02 
4.43439E-02 -2.91556E-02 
-2.77099E-02 4.05740E-02 
-2.02132E-02 3.44899E-02 
-2.04427E-02 3.22160E-02 
-1.31852E-02 2.62732E-02 
-6.36751E-03 2.04754E-02 
-5.19121E-05 1.49125E-02 
5.71344E-03 9.66371E-03 
9.77541E-03 5.85976E-03 
1.08958E-02 4.79388E-03 
1.58129E-02 2.09619E-05 
2.00371E-02 -4.22335E-03 
2.35914E-02 -7.92996E-03 
2.65155E-02 -1.11108E-02 
2.81675E-02 -1.32856E-02 
3.01017E-02 -1.55717E-02 
3.15735E-02 -1.74545E-02 
3.26326E-02 -1.89719E-02 
3.33289E-02 -2.01624E-02 
3.37148E-02 -2.10663E-02 
3.38587E-02 -2.17327E-02 
3.38905E-02 -2.22481E-02 
3.41359E-02 -2.28232E-02 
3.53152E-02 -2.39346E-02 
3.80734E-02 -2.60531E-02 
4.13066E-02 -2.85333E-02 
4.29315E-02 -2.99965E-02 
-1.49161E-02 2.90394E-02 
-8.10203E-03 2.32415E-02 
-8.64496E-03 2.12628E-02 
-2.14972E-03 1.57110E-02 
3.86377E-03 1.03740E-02 
9.34281E-03 5.33514E-03 
1.42499E-02 6.64905E-04 
1.76401E-02 -2.66080E-03 
1.85637E-02 -3.58267E-03 
2.25463E-02 -7.64937E-03 
2.58519E-02 -1.11661E-02 
2.85164E-02 -1.41389E-02 
3.05900E-02 -1.65937E-02 
3.15236E-02 -1.81138E-02 
3.27084E-02 -1.97269E-02 
3.34826E-02 -2.09667E-02 
3.38993E-02 -2.18772E-02 
3.40100E-02 -2.25013E-02 
3.38681E-02 -2.28828E-02 
3.35421E-02 -2.30743E-02 
3.31624E-02 -2.31691E-02 
3.30542E-02 -2.33937E-02 
3.39242E-02 -2.42458E-02 
3.63658E-02 -2.61753E-02 
3.92261E-02 -2.84323E-02 
4.04685E-02 -2.95833E-02 
-4.45486E-03 1.92129E-02 
1.65007E-03 1.37754E-02 
7.82191E-04 1.21235E-02 
6.51071E-03 7.01775E-03 
1.17299E-02 2.18329E-03 
1.63972E-02 -2.30441E-03 
2.04861E-02 -6.38485E-03 
2.32461E-02 -9.23475E-03 
2.39867E-02 -1.00152E-02 
2.71108E-02 -1.33992E-02 
2.95888E-02 -1.62298E-02 
3.14675E-02 -1.85264E-02 
3.28053E-02 -2.03267E-02 
3.31358E-02 -2.12731E-02 
3.36966E-02 -2.23030E-02 
3.39019E-02 -2.29961E-02 
3.38055E-02 -2.34002E-02 
3.34586E-02 -2.35603E-02 
3.29132E-02 -2.35212E-02 
3.22354E-02 -2.33364E-02 
3.15513E-02 -2.31011E-02 
3.11745E-02 -2.30452E-02 
3.17767E-02 -2.36644E-02 
3.38919E-02 -2.53760E-02 
3.63705E-02 -2.73782E-02 
3.72811E-02 -2.82485E-02 
3.81026E-03 1.10973E-02 
9.20522E-03 6.06976E-03 
8.01681E-03 4.75937E-03 
1.29977E-02 1.30500E-04 
1.74548E-02 -4.18363E-03 
2.13561E-02 -8.11673E-03 
2.46862E-02 -1.16188E-02 
2.68709E-02 -1.40121E-02 
2.74460E-02 -1.46584E-02 
2.98027E-02 -1.74045E-02 
3.15566E-02 -1.96091E-02 
3.27624E-02 -2.13033E-02 
3.34842E-02 -2.25336E-02 
3.33284E-02 -2.29961E-02 
3.33901E-02 -2.35396E-02 
3.31515E-02 -2.37869E-02 
3.26654E-02 -2.37868E-02 
3.19808E-02 -2.35847E-02 
3.11465E-02 -2.32244E-02 
3.02244E-02 -2.27581E-02 
2.93330E-02 -2.22789E-02 
2.87660E-02 -2.20110E-02 
2.91464E-02 -2.24306E-02 
3.09459E-02 -2.39161E-02 
3.30564E-02 -2.56553E-02 
3.36904E-02 -2.62842E-02 
1.01650E-02 4.53368E-03 
1.48648E-02 -5.36307E-05 
1.33707E-02 -1.02005E-03 
1.76359E-02 -5.15850E-03 
2.13741E-02 -8.95086E-03 
2.45643E-02 -1.23407E-02 
2.72016E-02 -1.52889E-02 
2.88691E-02 -1.72534E-02 
2.92968E-02 -1.77751E-02 
3.09791E-02 -1.99371E-02 
3.21105E-02 -2.15823E-02 
3.27518E-02 -2.27511E-02 
3.29703E-02 -2.34966E-02 
3.24355E-02 -2.35626E-02 
3.21109E-02 -2.37120E-02 
3.15400E-02 -2.36075E-02 
3.07726E-02 -2.32973E-02 
2.98540E-02 -2.28249E-02 
2.88288E-02 -2.22320E-02 
2.77534E-02 -2.15678E-02 
2.67360E-02 -2.09202E-02 
2.60460E-02 -2.05011E-02 
2.62489E-02 -2.07560E-02 
2.77545E-02 -2.20205E-02 
2.95231E-02 -2.35033E-02 
2.99334E-02 -2.39313E-02 
1.48923E-02 -6.58684E-04 
1.89238E-02 -4.79158E-03 
1.71470E-02 -5.42166E-03 
2.07379E-02 -9.07053E-03 
2.38084E-02 -1.23527E-02 
2.63479E-02 -1.52220E-02 
2.83617E-02 -1.76502E-02 
2.95714E-02 -1.92194E-02 
2.98699E-02 -1.96274E-02 
3.09686E-02 -2.12644E-02 
3.15745E-02 -2.24188E-02 
3.17522E-02 -2.31385E-02 
3.15700E-02 -2.34810E-02 
3.07516E-02 -2.32318E-02 
3.01399E-02 -2.30720E-02 
2.93332E-02 -2.27006E-02 
2.83769E-02 -2.21635E-02 
2.73116E-02 -2.15012E-02 
2.61768E-02 -2.07520E-02 
2.50224E-02 -1.99609E-02 
2.39454E-02 -1.92088E-02 
2.31878E-02 -1.86912E-02 
2.32538E-02 -1.88147E-02 
2.44943E-02 -1.98723E-02 
2.59542E-02 -2.11151E-02 
2.61890E-02 -2.13812E-02 
1.82590E-02 -4.66561E-03 
2.16588E-02 -8.34337E-03 
1.96278E-02 -8.65284E-03 
2.25928E-02 -1.18245E-02 
2.50518E-02 -1.46182E-02 
2.70042E-02 -1.69982E-02 
2.84648E-02 -1.89465E-02 
2.92749E-02 -2.01574E-02 
2.94618E-02 -2.04635E-02 
3.00637E-02 -2.16361E-02 
3.02342E-02 -2.23675E-02 
3.00399E-02 -2.27108E-02 
2.95481E-02 -2.27263E-02 
2.85289E-02 -2.22354E-02 
2.77151E-02 -2.18418E-02 
2.67538E-02 -2.12776E-02 
2.56852E-02 -2.05852E-02 
2.45444E-02 -1.98012E-02 
2.33653E-02 -1.89595E-02 
2.21909E-02 -1.81002E-02 
2.11065E-02 -1.72960E-02 
2.03257E-02 -1.67232E-02 
2.02907E-02 -1.67463E-02 
2.12975E-02 -1.76163E-02 
2.24854E-02 -1.86414E-02 
2.25871E-02 -1.87811E-02 
2.05101E-02 -7.66874E-03 
2.33210E-02 -1.09012E-02 
2.10684E-02 -1.09119E-02 
2.34601E-02 -1.36276E-02 
2.53664E-02 -1.59620E-02 
2.67961E-02 -1.78893E-02 
2.77725E-02 -1.94018E-02 
2.82389E-02 -2.02927E-02 
2.83309E-02 -2.05088E-02 
2.85167E-02 -2.12770E-02 
2.83334E-02 -2.16499E-02 
2.78482E-02 -2.16843E-02 
2.71260E-02 -2.14413E-02 
2.59761E-02 -2.07731E-02 
2.50312E-02 -2.02109E-02 
2.39819E-02 -1.95169E-02 
2.28626E-02 -1.87290E-02 
2.17025E-02 -1.78790E-02 
2.05297E-02 -1.69964E-02 
1.93805E-02 -1.61157E-02 
1.83281E-02 -1.53008E-02 
1.75581E-02 -1.47079E-02 
1.74528E-02 -1.46578E-02 
1.82580E-02 -1.53621E-02 
1.92110E-02 -1.61946E-02 
1.92156E-02 -1.62393E-02 
2.18624E-02 -9.83639E-03 
2.41316E-02 -1.26417E-02 
2.16922E-02 -1.23798E-02 
2.35655E-02 -1.46672E-02 
2.49786E-02 -1.65765E-02 
2.59491E-02 -1.80915E-02 
2.65075E-02 -1.92138E-02 
2.66828E-02 -1.98233E-02 
2.66952E-02 -1.99609E-02 
2.65387E-02 -2.03825E-02 
2.60747E-02 -2.04569E-02 
2.53693E-02 -2.02434E-02 
2.44841E-02 -1.98021E-02 
2.32611E-02 -1.90118E-02 
2.22430E-02 -1.83360E-02 
2.11588E-02 -1.75643E-02 
2.00369E-02 -1.67294E-02 
1.89005E-02 -1.58582E-02 
1.77719E-02 -1.49750E-02 
1.66807E-02 -1.41089E-02 
1.56888E-02 -1.33150E-02 
1.49547E-02 -1.27290E-02 
1.48043E-02 -1.26287E-02 
1.54389E-02 -1.31900E-02 
1.61925E-02 -1.38559E-02 
1.61300E-02 -1.38323E-02 
2.25047E-02 -1.13209E-02 
2.42817E-02 -1.37231E-02 
2.16906E-02 -1.32174E-02 
2.31007E-02 -1.51087E-02 
2.40794E-02 -1.66301E-02 
2.46516E-02 -1.77748E-02 
2.48544E-02 -1.85525E-02 
2.47869E-02 -1.89178E-02 
2.47340E-02 -1.89882E-02 
2.43015E-02 -1.91172E-02 
2.36207E-02 -1.89477E-02 
2.27556E-02 -1.85401E-02 
2.17635E-02 -1.79526E-02 
2.05142E-02 -1.70865E-02 
1.94688E-02 -1.63425E-02 
1.83909E-02 -1.55351E-02 
1.73025E-02 -1.46914E-02 
1.62212E-02 -1.38332E-02 
1.51637E-02 -1.29798E-02 
1.41531E-02 -1.21550E-02 
1.32408E-02 -1.14051E-02 
1.25601E-02 -1.08460E-02 
1.23848E-02 -1.07147E-02 
1.28774E-02 -1.11550E-02 
1.34645E-02 -1.16791E-02 
1.33591E-02 -1.16094E-02 
2.25971E-02 -1.22573E-02 
2.39309E-02 -1.42837E-02 
2.12226E-02 -1.35640E-02 
2.22230E-02 -1.50930E-02 
2.28230E-02 -1.62647E-02 
2.30540E-02 -1.70804E-02 
2.29584E-02 -1.75574E-02 
2.26917E-02 -1.77134E-02 
2.25859E-02 -1.77269E-02 
2.19359E-02 -1.76126E-02 
2.10932E-02 -1.72478E-02 
2.01193E-02 -1.66928E-02 
1.90663E-02 -1.60032E-02 
1.78273E-02 -1.50990E-02 
1.67903E-02 -1.43233E-02 
1.57496E-02 -1.35131E-02 
1.47212E-02 -1.26899E-02 
1.37169E-02 -1.18704E-02 
1.27483E-02 -1.10689E-02 
1.18328E-02 -1.03041E-02 
1.10117E-02 -9.61394E-03 
1.03956E-02 -9.09598E-03 
1.02112E-02 -8.94895E-03 
1.05873E-02 -9.28829E-03 
1.10372E-02 -9.69399E-03 
1.09077E-02 -9.59591E-03 
2.22760E-02 -1.27553E-02 
2.32185E-02 -1.44388E-02 
2.04266E-02 -1.35367E-02 
2.10720E-02 -1.47413E-02 
2.13487E-02 -1.56041E-02 
2.12940E-02 -1.61339E-02 
2.09542E-02 -1.63542E-02 
2.05288E-02 -1.63352E-02 
2.03818E-02 -1.63016E-02 
1.95667E-02 -1.59903E-02 
1.86103E-02 -1.54745E-02 
1.75703E-02 -1.48132E-02 
1.64938E-02 -1.40589E-02 
1.52928E-02 -1.31469E-02 
1.42909E-02 -1.23685E-02 
1.33092E-02 -1.15806E-02 
1.23580E-02 -1.07992E-02 
1.14440E-02 -1.00358E-02 
1.05740E-02 -9.30066E-03 
9.76032E-03 -8.60726E-03 
9.03537E-03 -7.98618E-03 
8.48934E-03 -7.51800E-03 
8.30742E-03 -7.36707E-03 
8.59020E-03 -7.62448E-03 
8.92983E-03 -7.93354E-03 
8.79077E-03 -7.82119E-03 
2.16477E-02 -1.29192E-02 
2.22438E-02 -1.42890E-02 
1.93985E-02 -1.32329E-02 
1.97357E-02 -1.41466E-02 
1.97368E-02 -1.47363E-02 
1.94433E-02 -1.50172E-02 
1.89051E-02 -1.50187E-02 
1.83549E-02 -1.48536E-02 
1.81762E-02 -1.47813E-02 
1.72394E-02 -1.43121E-02 
1.62082E-02 -1.36818E-02 
1.51365E-02 -1.29478E-02 
1.40658E-02 -1.21588E-02 
1.29239E-02 -1.12630E-02 
1.19767E-02 -1.05041E-02 
1.10695E-02 -9.75711E-03 
1.02071E-02 -9.03271E-03 
9.39151E-03 -8.33784E-03 
8.62536E-03 -7.67832E-03 
7.91620E-03 -7.06340E-03 
7.28879E-03 -6.51676E-03 
6.81522E-03 -6.10366E-03 
6.64415E-03 -5.95753E-03 
6.85237E-03 -6.14869E-03 
7.10344E-03 -6.37918E-03 
6.96534E-03 -6.26305E-03 
2.08033E-02 -1.28257E-02 
2.10980E-02 -1.39135E-02 
1.82274E-02 -1.27315E-02 
1.83021E-02 -1.33889E-02 
1.80730E-02 -1.37416E-02 
1.75852E-02 -1.38105E-02 
1.68906E-02 -1.36294E-02 
1.62462E-02 -1.33455E-02 
1.60443E-02 -1.32425E-02 
1.50240E-02 -1.26510E-02 
1.39514E-02 -1.19388E-02 
1.28761E-02 -1.11610E-02 
1.18343E-02 -1.03622E-02 
1.07661E-02 -9.50096E-03 
9.88727E-03 -8.77837E-03 
9.06398E-03 -8.08538E-03 
8.29609E-03 -7.42780E-03 
7.58159E-03 -6.80822E-03 
6.91929E-03 -6.22869E-03 
6.31281E-03 -5.69458E-03 
5.78021E-03 -5.22352E-03 
5.37793E-03 -4.86721E-03 
5.22322E-03 -4.73203E-03 
5.37332E-03 -4.87094E-03 
5.55497E-03 -5.03911E-03 
5.42523E-03 -4.92690E-03 
1.98142E-02 -1.25414E-02 
1.98492E-02 -1.33779E-02 
1.69782E-02 -1.20962E-02 
1.68322E-02 -1.25301E-02 
1.64139E-02 -1.26794E-02 
1.57709E-02 -1.25697E-02 
1.49569E-02 -1.22390E-02 
1.42447E-02 -1.18607E-02 
1.40270E-02 -1.17337E-02 
1.29555E-02 -1.10511E-02 
1.18690E-02 -1.02849E-02 
1.08127E-02 -9.48753E-03 
9.81716E-03 -8.69888E-03 
8.83292E-03 -7.88613E-03 
8.03117E-03 -7.21200E-03 
7.29671E-03 -6.58174E-03 
6.62502E-03 -5.99656E-03 
6.01047E-03 -5.45518E-03 
5.44875E-03 -4.95636E-03 
4.94016E-03 -4.50213E-03 
4.49710E-03 -4.10490E-03 
4.16270E-03 -3.80463E-03 
4.02757E-03 -3.68435E-03 
4.13316E-03 -3.78282E-03 
4.26133E-03 -3.90245E-03 
4.14474E-03 -3.79942E-03 
1.87365E-02 -1.21200E-02 
1.85500E-02 -1.27344E-02 
1.57004E-02 -1.13767E-02 
1.53714E-02 -1.16176E-02 
1.48003E-02 -1.15944E-02 
1.40368E-02 -1.13368E-02 
1.31353E-02 -1.08859E-02 
1.23780E-02 -1.04348E-02 
1.21508E-02 -1.02899E-02 
1.10551E-02 -9.54332E-03 
9.97731E-03 -8.74688E-03 
8.95789E-03 -7.94986E-03 
8.02185E-03 -7.18748E-03 
7.12770E-03 -6.43328E-03 
6.40811E-03 -5.81609E-03 
5.76399E-03 -5.25369E-03 
5.18701E-03 -4.74314E-03 
4.66850E-03 -4.27978E-03 
4.20166E-03 -3.85960E-03 
3.78409E-03 -3.48184E-03 
3.42353E-03 -3.15453E-03 
3.15196E-03 -2.90762E-03 
3.03779E-03 -2.80441E-03 
3.11001E-03 -2.87224E-03 
3.19780E-03 -2.95483E-03 
3.09706E-03 -2.86426E-03 
1.76131E-02 -1.16041E-02 
1.72398E-02 -1.20238E-02 
1.44304E-02 -1.06115E-02 
1.39517E-02 -1.06874E-02 
1.32600E-02 -1.05197E-02 
1.24062E-02 -1.01415E-02 
1.14449E-02 -9.59636E-03 
1.06618E-02 -9.09143E-03 
1.04302E-02 -8.93398E-03 
9.33307E-03 -8.14687E-03 
8.28236E-03 -7.34043E-03 
7.31381E-03 -6.56036E-03 
6.44688E-03 -5.83696E-03 
5.64607E-03 -5.14840E-03 
5.01079E-03 -4.59368E-03 
4.45588E-03 -4.10146E-03 
3.96979E-03 -3.66517E-03 
3.54141E-03 -3.27729E-03 
3.16204E-03 -2.93157E-03 
2.82721E-03 -2.62505E-03 
2.54094E-03 -2.36219E-03 
2.32610E-03 -2.16460E-03 
2.23288E-03 -2.07917E-03 
2.28063E-03 -2.12435E-03 
2.33864E-03 -2.17935E-03 
2.25483E-03 -2.10290E-03 
1.64774E-02 -1.10276E-02 
1.59485E-02 -1.12778E-02 
1.31948E-02 -9.82976E-03 
1.25961E-02 -9.76618E-03 
1.18120E-02 -9.47926E-03 
1.08940E-02 -9.00488E-03 
9.89647E-03 -8.38852E-03 
9.10376E-03 -7.84631E-03 
8.87230E-03 -7.68089E-03 
7.79249E-03 -6.87355E-03 
6.78380E-03 -6.07430E-03 
5.87694E-03 -5.32483E-03 
5.08587E-03 -4.65035E-03 
4.37929E-03 -4.03207E-03 
3.82814E-03 -3.54288E-03 
3.35927E-03 -3.12090E-03 
2.95848E-03 -2.75639E-03 
2.61286E-03 -2.43960E-03 
2.31236E-03 -2.16258E-03 
2.05107E-03 -1.92075E-03 
1.83017E-03 -1.71574E-03 
1.66524E-03 -1.56244E-03 
1.59185E-03 -1.49438E-03 
1.62219E-03 -1.52328E-03 
1.65885E-03 -1.55831E-03 
1.59176E-03 -1.49635E-03 
1.53502E-02 -1.04144E-02 
1.46931E-02 -1.05181E-02 
1.20081E-02 -9.05060E-03 
1.13152E-02 -8.87007E-03 
1.04628E-02 -8.48606E-03 
9.50283E-03 -7.93681E-03 
8.48900E-03 -7.26931E-03 
7.70045E-03 -6.70417E-03 
7.47281E-03 -6.53476E-03 
6.42599E-03 -5.72468E-03 
5.47146E-03 -4.94725E-03 
4.63475E-03 -4.23976E-03 
3.92422E-03 -3.62203E-03 
3.31122E-03 -3.07686E-03 
2.84254E-03 -2.65451E-03 
2.45525E-03 -2.30121E-03 
2.13316E-03 -2.00464E-03 
1.86215E-03 -1.75339E-03 
1.63141E-03 -1.53837E-03 
1.43418E-03 -1.35394E-03 
1.26958E-03 -1.19965E-03 
1.14752E-03 -1.08509E-03 
1.09216E-03 -1.03319E-03 
1.11047E-03 -1.05075E-03 
1.13231E-03 -1.07180E-03 
1.08087E-03 -1.02376E-03 
1.42560E-02 -9.78847E-03 
1.34956E-02 -9.76694E-03 
1.08895E-02 -8.29424E-03 
1.01251E-02 -8.01753E-03 
9.22557E-03 -7.55658E-03 
8.24283E-03 -6.95157E-03 
7.22965E-03 -6.25067E-03 
6.45668E-03 -5.67521E-03 
6.23590E-03 -5.50529E-03 
5.23473E-03 -4.70751E-03 
4.34371E-03 -3.96411E-03 
3.58299E-03 -3.30760E-03 
2.95525E-03 -2.75210E-03 
2.43314E-03 -2.28073E-03 
2.04330E-03 -1.92446E-03 
1.73148E-03 -1.63640E-03 
1.48010E-03 -1.40227E-03 
1.27448E-03 -1.20958E-03 
1.10359E-03 -1.04873E-03 
9.60388E-04 -9.13524E-04 
8.42671E-04 -8.02152E-04 
7.56151E-04 -7.20202E-04 
7.16353E-04 -6.82536E-04 
7.26750E-04 -6.92579E-04 
7.38796E-04 -7.04294E-04 
7.01161E-04 -6.68829E-04 
1.32027E-02 -9.16212E-03 
1.23603E-02 -9.03411E-03 
9.84093E-03 -7.56814E-03 
9.02441E-03 -7.21318E-03 
8.09563E-03 -6.69260E-03 
7.10613E-03 -6.04824E-03 
6.10770E-03 -5.32919E-03 
5.35979E-03 -4.75421E-03 
5.14841E-03 -4.58676E-03 
4.20327E-03 -3.81414E-03 
3.38323E-03 -3.11511E-03 
2.70277E-03 -2.51687E-03 
2.15879E-03 -2.02760E-03 
1.72403E-03 -1.62953E-03 
1.40858E-03 -1.33745E-03 
1.16553E-03 -1.11024E-03 
9.76579E-04 -9.32330E-04 
8.27077E-04 -7.90812E-04 
7.06356E-04 -6.76101E-04 
6.07538E-04 -5.81953E-04 
5.27753E-04 -5.05813E-04 
4.69776E-04 -4.50433E-04 
4.42863E-04 -4.24740E-04 
4.48288E-04 -4.30023E-04 
4.54191E-04 -4.35833E-04 
4.28189E-04 -4.11133E-04 
1.21987E-02 -8.54654E-03 
1.12930E-02 -8.32878E-03 
8.86630E-03 -6.87957E-03 
8.01425E-03 -6.46216E-03 
7.07131E-03 -5.89711E-03 
6.08852E-03 -5.22769E-03 
5.11658E-03 -4.50370E-03 
4.40154E-03 -3.93853E-03 
4.20161E-03 -3.77610E-03 
3.32082E-03 -3.03961E-03 
2.57738E-03 -2.39346E-03 
1.97978E-03 -1.85909E-03 
1.51901E-03 -1.43838E-03 
1.16694E-03 -1.11175E-03 
9.20384E-04 -8.80639E-04 
7.38662E-04 -7.08853E-04 
6.03405E-04 -5.80189E-04 
5.00625E-04 -4.81967E-04 
4.20498E-04 -4.05144E-04 
3.56758E-04 -3.43901E-04 
3.06403E-04 -2.95456E-04 
2.70330E-04 -2.60732E-04 
2.53508E-04 -2.44549E-04 
2.56013E-04 -2.47014E-04 
2.58350E-04 -2.49363E-04 
2.41588E-04 -2.33336E-04 
1.12491E-02 -7.94963E-03 
1.02962E-02 -7.65697E-03 
7.96637E-03 -6.23280E-03 
7.09291E-03 -5.76675E-03 
6.14852E-03 -5.17041E-03 
5.18369E-03 -4.48829E-03 
4.24790E-03 -3.77073E-03 
3.57205E-03 -3.22337E-03 
3.38523E-03 -3.06815E-03 
2.57528E-03 -2.37699E-03 
1.91236E-03 -1.79058E-03 
1.39867E-03 -1.32402E-03 
1.01917E-03 -9.72649E-04 
7.44108E-04 -7.14281E-04 
5.60024E-04 -5.39722E-04 
4.31595E-04 -4.17030E-04 
3.41078E-04 -3.30087E-04 
2.75720E-04 -2.67064E-04 
2.26987E-04 -2.19947E-04 
1.89588E-04 -1.83729E-04 
1.60820E-04 -1.55847E-04 
1.40566E-04 -1.36215E-04 
1.31109E-04 -1.27058E-04 
1.32041E-04 -1.27992E-04 
1.32524E-04 -1.28521E-04 
1.22584E-04 -1.18972E-04 
1.03567E-02 -7.37690E-03 
9.37048E-03 -7.02245E-03 
7.14011E-03 -5.63005E-03 
6.25717E-03 -5.12739E-03 
5.32196E-03 -4.51116E-03 
4.38434E-03 -3.82698E-03 
3.49254E-03 -3.12560E-03 
2.86093E-03 -2.60283E-03 
2.68849E-03 -2.45664E-03 
1.95419E-03 -1.81840E-03 
1.37414E-03 -1.29693E-03 
9.43885E-04 -9.00476E-04 
6.42319E-04 -6.17603E-04 
4.37549E-04 -4.23007E-04 
3.08642E-04 -2.99438E-04 
2.24989E-04 -2.18727E-04 
1.70183E-04 -1.65604E-04 
1.33241E-04 -1.29683E-04 
1.07289E-04 -1.04398E-04 
8.82739E-05 -8.58521E-05 
7.41039E-05 -7.20305E-05 
6.43072E-05 -6.24804E-05 
5.97149E-05 -5.80124E-05 
5.98908E-05 -5.82030E-05 
5.95593E-05 -5.79187E-05 
5.41611E-05 -5.27193E-05 
9.52217E-03 -6.83188E-03 
8.51453E-03 -6.42714E-03 
6.38501E-03 -5.07188E-03 
5.50257E-03 -4.54303E-03 
4.58533E-03 -3.91670E-03 
3.68247E-03 -3.23957E-03 
2.84093E-03 -2.56264E-03 
2.25742E-03 -2.07012E-03 
2.10031E-03 -1.93447E-03 
1.44492E-03 -1.35514E-03 
9.48540E-04 -9.02190E-04 
5.99746E-04 -5.76465E-04 
3.71355E-04 -3.59614E-04 
2.29111E-04 -2.22953E-04 
1.47231E-04 -1.43668E-04 
9.94487E-05 -9.71445E-05 
7.14069E-05 -6.97422E-05 
5.43801E-05 -5.30663E-05 
4.34102E-05 -4.23105E-05 
3.58251E-05 -3.48730E-05 
3.03179E-05 -2.94781E-05 
2.65079E-05 -2.57523E-05 
2.46521E-05 -2.39439E-05 
2.45094E-05 -2.38155E-05 
2.39007E-05 -2.32415E-05 
2.10485E-05 -2.04888E-05 
8.74488E-03 -6.31651E-03 
7.72586E-03 -5.87151E-03 
5.69748E-03 -4.55761E-03 
4.82387E-03 -4.01153E-03 
3.93179E-03 -3.38350E-03 
3.06976E-03 -2.72115E-03 
2.28335E-03 -2.07562E-03 
1.75075E-03 -1.61797E-03 
1.60963E-03 -1.49405E-03 
1.03495E-03 -9.78134E-04 
6.21543E-04 -5.95638E-04 
3.50679E-04 -3.39508E-04 
1.89214E-04 -1.84454E-04 
1.00606E-04 -9.84561E-05 
5.67181E-05 -5.55747E-05 
3.55656E-05 -3.48285E-05 
2.55906E-05 -2.50336E-05 
2.07131E-05 -2.02488E-05 
1.80035E-05 -1.75960E-05 
1.61501E-05 -1.57837E-05 
1.46406E-05 -1.43081E-05 
1.34085E-05 -1.31040E-05 
1.26623E-05 -1.23762E-05 
1.23862E-05 -1.21090E-05 
1.16855E-05 -1.14269E-05 
9.80693E-06 -9.59254E-06 
8.02389E-03 -5.83214E-03 
7.00197E-03 -5.35563E-03 
5.07409E-03 -4.08625E-03 
4.21615E-03 -3.53065E-03 
3.35503E-03 -2.90806E-03 
2.53855E-03 -2.26700E-03 
1.81082E-03 -1.65853E-03 
1.33096E-03 -1.23937E-03 
1.20618E-03 -1.12808E-03 
7.12510E-04 -6.78484E-04 
3.79766E-04 -3.66621E-04 
1.81588E-04 -1.77023E-04 
7.90831E-05 -7.75474E-05 
3.38581E-05 -3.32613E-05 
1.79018E-05 -1.75857E-05 
1.38525E-05 -1.36498E-05 
1.37231E-05 -1.35913E-05 
1.43046E-05 -1.42241E-05 
1.45696E-05 -1.45243E-05 
1.43245E-05 -1.43012E-05 
1.36657E-05 -1.36546E-05 
1.28331E-05 -1.28282E-05 
1.21784E-05 -1.21764E-05 
1.18016E-05 -1.18008E-05 
1.09806E-05 -1.09803E-05 
9.05488E-06 -9.05480E-06 
---
