PdfType: replica
Format: lhagrid1
---
1.00000E-06 1.28121E-06 1.64152E-06 2.10317E-06 2.69463E-06 3.45242E-06 4.42329E-06 5.66715E-06 7.26076E-06 9.30241E-06 1.19180E-05 1.52689E-05 1.95617E-05 2.50609E-05 3.21053E-05 4.11287E-05 5.26863E-05 6.74889E-05 8.64459E-05 1.10720E-04 1.41800E-04 1.81585E-04 2.32503E-04 2.97652E-04 3.80981E-04 4.87518E-04 6.26039E-04 8.00452E-04 1.02297E-03 1.30657E-03 1.66759E-03 2.12729E-03 2.71054E-03 3.44865E-03 4.37927E-03 5.54908E-03 7.01192E-03 8.83064E-03 1.10763E-02 1.38266E-02 1.71641E-02 2.11717E-02 2.59364E-02 3.15062E-02 3.79623E-02 4.53425E-02 5.36750E-02 6.29705E-02 7.32221E-02 8.44039E-02 9.64793E-02 1.09332E-01 1.23067E-01 1.37507E-01 1.52639E-01 1.68416E-01 1.84794E-01 2.01731E-01 2.19016E-01 2.36948E-01 2.55242E-01 2.73927E-01 2.92954E-01 3.12340E-01 3.32036E-01 3.52019E-01 3.72282E-01 3.92772E-01 4.13533E-01 4.34326E-01 4.55495E-01 4.76836E-01 4.98342E-01 5.20006E-01 5.41818E-01 5.63773E-01 5.85861E-01 6.08077E-01 6.30459E-01 6.52800E-01 6.75387E-01 6.98063E-01 7.20830E-01 7.43683E-01 7.66623E-01 7.89636E-01 8.12791E-01 8.35940E-01 8.59175E-01 8.82485E-01 9.05866E-01 9.29311E-01 9.52817E-01 9.76387E-01 1.00000E+00 
1.14018E+00 1.22539E+00 1.32482E+00 1.44156E+00 1.57954E+00 1.74381E+00 1.94091E+00 2.12132E+00 2.17945E+00 2.49622E+00 2.89383E+00 3.39925E+00 4.05063E+00 4.90286E+00 6.03623E+00 7.57063E+00 9.68869E+00 1.26749E+01 1.69835E+01 2.33578E+01 3.30501E+01 4.82334E+01 7.28041E+01 1.13998E+02 1.85779E+02 3.16228E+02 
908 909 
7.68112E+01 5.07718E+00 
6.25688E+01 2.00700E+00 
7.06544E+01 1.02757E+01 
4.15504E+01 3.58506E+00 
8.85762E+00 -3.94040E+00 
-2.78404E+01 -1.23241E+01 
-6.89950E+01 -2.15736E+01 
-1.04200E+02 -2.93175E+01 
-1.15085E+02 -3.16765E+01 
-1.70897E+02 -4.34863E+01 
-2.33706E+02 -5.61733E+01 
-3.04212E+02 -6.96263E+01 
-3.83138E+02 -8.36942E+01 
-4.55806E+02 -9.05456E+01 
-5.58316E+02 -1.04463E+02 
-6.71982E+02 -1.18386E+02 
-7.97728E+02 -1.32008E+02 
-9.36592E+02 -1.44973E+02 
-1.08997E+03 -1.56900E+02 
-1.26055E+03 -1.67471E+02 
-1.45591E+03 -1.76768E+02 
-1.70094E+03 -1.86245E+02 
-2.06421E+03 -2.00049E+02 
-2.64077E+03 -2.20882E+02 
-3.38697E+03 -2.37200E+02 
-4.10155E+03 -2.30911E+02 
5.85256E+01 6.68969E+00 
4.67964E+01 4.31686E+00 
5.40003E+01 1.15729E+01 
3.00316E+01 6.30522E+00 
3.12352E+00 3.59479E-01 
-2.70618E+01 -6.27341E+00 
-6.08879E+01 -1.35880E+01 
-8.98019E+01 -1.97017E+01 
-9.87381E+01 -2.15614E+01 
-1.44522E+02 -3.08482E+01 
-1.95981E+02 -4.07716E+01 
-2.53658E+02 -5.12213E+01 
-3.18112E+02 -6.20533E+01 
-3.76676E+02 -6.68076E+01 
-4.59783E+02 -7.72090E+01 
-5.51746E+02 -8.74466E+01 
-6.53257E+02 -9.72479E+01 
-7.65090E+02 -1.06298E+02 
-8.88298E+02 -1.14256E+02 
-1.02496E+03 -1.20820E+02 
-1.18111E+03 -1.25949E+02 
-1.37669E+03 -1.30503E+02 
-1.66668E+03 -1.36965E+02 
-2.12683E+03 -1.46266E+02 
-2.72075E+03 -1.49496E+02 
-3.28611E+03 -1.34521E+02 
4.46629E+01 7.85190E+00 
3.50788E+01 5.96717E+00 
4.14331E+01 1.23940E+01 
2.17822E+01 8.19723E+00 
-2.79846E-01 3.45495E+00 
-2.50261E+01 -1.83136E+00 
-5.27481E+01 -7.64727E+00 
-7.64335E+01 -1.24926E+01 
-8.37511E+01 -1.39631E+01 
-1.21222E+02 -2.12800E+01 
-1.63289E+02 -2.90435E+01 
-2.10374E+02 -3.71474E+01 
-2.62902E+02 -4.54579E+01 
-3.09976E+02 -4.86615E+01 
-3.77215E+02 -5.63695E+01 
-4.51462E+02 -6.38022E+01 
-5.33231E+02 -7.07195E+01 
-6.23091E+02 -7.68460E+01 
-7.21827E+02 -8.18821E+01 
-8.31045E+02 -8.55470E+01 
-9.55512E+02 -8.77248E+01 
-1.11118E+03 -8.88504E+01 
-1.34199E+03 -9.02182E+01 
-1.70813E+03 -9.15584E+01 
-2.17937E+03 -8.60400E+01 
-2.62513E+03 -6.59258E+01 
3.45113E+01 8.26040E+00 
2.67152E+01 6.73426E+00 
3.22923E+01 1.24615E+01 
1.62251E+01 9.09288E+00 
-1.82206E+00 5.28971E+00 
-2.20687E+01 1.06097E+00 
-4.47476E+01 -3.57304E+00 
-6.41175E+01 -7.41604E+00 
-7.01002E+01 -8.57893E+00 
-1.00719E+02 -1.43385E+01 
-1.35055E+02 -2.03968E+01 
-1.73432E+02 -2.66543E+01 
-2.16172E+02 -3.29891E+01 
-2.53921E+02 -3.50473E+01 
-3.08221E+02 -4.06883E+01 
-3.68051E+02 -4.59867E+01 
-4.33783E+02 -5.07332E+01 
-5.05829E+02 -5.46894E+01 
-5.84766E+02 -5.75951E+01 
-6.71826E+02 -5.91960E+01 
-7.70766E+02 -5.93315E+01 
-8.94294E+02 -5.81434E+01 
-1.07744E+03 -5.60966E+01 
-1.36786E+03 -5.21440E+01 
-1.74052E+03 -4.10864E+01 
-2.09069E+03 -1.83807E+01 
2.71861E+01 7.99026E+00 
2.08572E+01 6.74099E+00 
2.57467E+01 1.18609E+01 
1.26281E+01 9.14793E+00 
-2.11695E+00 6.09234E+00 
-1.86641E+01 2.70806E+00 
-3.71982E+01 -9.81149E-01 
-5.30226E+01 -4.02326E+00 
-5.79087E+01 -4.94045E+00 
-8.29013E+01 -9.45854E+00 
-1.10895E+02 -1.41624E+01 
-1.42135E+02 -1.89607E+01 
-1.76860E+02 -2.37445E+01 
-2.07063E+02 -2.49619E+01 
-2.50840E+02 -2.90193E+01 
-2.98962E+02 -3.27000E+01 
-3.51695E+02 -3.58235E+01 
-4.09330E+02 -3.81852E+01 
-4.72285E+02 -3.95618E+01 
-5.41497E+02 -3.97270E+01 
-6.19918E+02 -3.84988E+01 
-7.17637E+02 -3.58225E+01 
-8.62490E+02 -3.16030E+01 
-1.09208E+03 -2.43255E+01 
-1.38574E+03 -1.00651E+01 
-1.65973E+03 1.34442E+01 
2.18807E+01 7.25043E+00 
1.67447E+01 6.22359E+00 
2.10373E+01 1.08045E+01 
1.03325E+01 8.61956E+00 
-1.70806E+00 6.16721E+00 
-1.52242E+01 3.46449E+00 
-3.03616E+01 5.36733E-01 
-4.32805E+01 -1.86141E+00 
-4.72680E+01 -2.58140E+00 
-6.76510E+01 -6.10578E+00 
-9.04505E+01 -9.73154E+00 
-1.15850E+02 -1.33765E+01 
-1.44024E+02 -1.69445E+01 
-1.68134E+02 -1.75531E+01 
-2.03365E+02 -2.04034E+01 
-2.41995E+02 -2.28674E+01 
-2.84210E+02 -2.47906E+01 
-3.30209E+02 -2.59993E+01 
-3.80289E+02 -2.63036E+01 
-4.35155E+02 -2.55053E+01 
-4.97117E+02 -2.34165E+01 
-5.74159E+02 -1.98575E+01 
-6.88326E+02 -1.43716E+01 
-8.69177E+02 -5.19860E+00 
-1.09971E+03 1.05949E+01 
-1.31318E+03 3.36900E+01 
1.79594E+01 6.25859E+00 
1.37892E+01 5.41481E+00 
1.75681E+01 9.51101E+00 
8.83440E+00 7.75514E+00 
-9.95595E-01 5.79287E+00 
-1.20325E+01 3.64277E+00 
-2.43901E+01 1.33045E+00 
-3.49306E+01 -5.49188E-01 
-3.81825E+01 -1.11079E+00 
-5.47926E+01 -3.84006E+00 
-7.33429E+01 -6.60935E+00 
-9.39680E+01 -9.34577E+00 
-1.16794E+02 -1.19653E+01 
-1.35991E+02 -1.21428E+01 
-1.64292E+02 -1.40812E+01 
-1.95239E+02 -1.56409E+01 
-2.28957E+02 -1.66908E+01 
-2.65575E+02 -1.70847E+01 
-3.05301E+02 -1.66626E+01 
-3.48660E+02 -1.52533E+01 
-3.97452E+02 -1.26734E+01 
-4.57971E+02 -8.66960E+00 
-5.47615E+02 -2.56804E+00 
-6.89531E+02 7.48033E+00 
-8.69775E+02 2.36412E+01 
-1.03531E+03 4.55282E+01 
1.49655E+01 5.18849E+00 
1.15764E+01 4.49685E+00 
1.49137E+01 8.15424E+00 
7.78868E+00 6.74795E+00 
-2.35233E-01 5.18418E+00 
-9.24469E+00 3.48202E+00 
-1.93279E+01 1.66637E+00 
-2.79221E+01 2.03168E-01 
-3.05721E+01 -2.31601E-01 
-4.40952E+01 -2.32708E+00 
-5.91707E+01 -4.41934E+00 
-7.58956E+01 -6.44457E+00 
-9.43582E+01 -8.33037E+00 
-1.09601E+02 -8.21294E+00 
-1.32289E+02 -9.47111E+00 
-1.57025E+02 -1.03697E+01 
-1.83888E+02 -1.07986E+01 
-2.12959E+02 -1.06356E+01 
-2.44374E+02 -9.74709E+00 
-2.78523E+02 -7.98704E+00 
-3.16800E+02 -5.18294E+00 
-3.64151E+02 -1.04463E+00 
-4.34252E+02 5.21537E+00 
-5.45155E+02 1.54282E+01 
-6.85454E+02 3.11680E+01 
-8.13150E+02 5.13640E+01 
1.25929E+01 4.15711E+00 
9.83625E+00 3.59173E+00 
1.27928E+01 6.85123E+00 
6.98111E+00 5.72894E+00 
4.33513E-01 4.48813E+00 
-6.91737E+00 3.14757E+00 
-1.51392E+01 1.73080E+00 
-2.21403E+01 6.00235E-01 
-2.42977E+01 2.66422E-01 
-3.52952E+01 -1.32714E+00 
-4.75298E+01 -2.88829E+00 
-6.10699E+01 -4.36183E+00 
-7.59749E+01 -5.68604E+00 
-8.80396E+01 -5.37746E+00 
-1.06187E+02 -6.13675E+00 
-1.25910E+02 -6.56288E+00 
-1.47252E+02 -6.56395E+00 
-1.70260E+02 -6.03886E+00 
-1.95020E+02 -4.87704E+00 
-2.21814E+02 -2.95510E+00 
-2.51719E+02 -1.15404E-01 
-2.88604E+02 3.94375E+00 
-3.43179E+02 1.00507E+01 
-4.29454E+02 1.99484E+01 
-5.38129E+02 3.47586E+01 
-6.36069E+02 5.30058E+01 
1.06474E+01 3.23061E+00 
8.40410E+00 2.76918E+00 
1.10304E+01 5.66823E+00 
6.29199E+00 4.77526E+00 
9.52122E-01 3.79452E+00 
-5.04107E+00 2.74392E+00 
-1.17388E+01 1.64523E+00 
-1.74358E+01 7.78321E-01 
-1.91899E+01 5.24223E-01 
-2.81209E+01 -6.75260E-01 
-3.80339E+01 -1.82385E+00 
-4.89749E+01 -2.87431E+00 
-6.09819E+01 -3.77454E+00 
-7.04975E+01 -3.35294E+00 
-8.49767E+01 -3.75439E+00 
-1.00659E+02 -3.85307E+00 
-1.17564E+02 -3.57295E+00 
-1.35712E+02 -2.83100E+00 
-1.55152E+02 -1.53654E+00 
-1.76089E+02 4.13504E-01 
-1.99346E+02 3.16010E+00 
-2.27939E+02 6.99927E+00 
-2.70218E+02 1.27505E+01 
-3.37002E+02 2.20251E+01 
-4.20729E+02 3.56020E+01 
-4.95361E+02 5.18029E+01 
9.01109E+00 2.43701E+00 
7.18547E+00 2.06020E+00 
9.52337E+00 4.63340E+00 
5.66300E+00 3.92409E+00 
1.31191E+00 3.15109E+00 
-3.56926E+00 2.33109E+00 
-9.01868E+00 1.48384E+00 
-1.36478E+01 8.24000E-01 
-1.50719E+01 6.32245E-01 
-2.23127E+01 -2.60997E-01 
-3.03291E+01 -1.09284E+00 
-3.91507E+01 -1.82328E+00 
-4.87996E+01 -2.40876E+00 
-5.62750E+01 -1.93186E+00 
-6.77955E+01 -2.08406E+00 
-8.02265E+01 -1.96547E+00 
-9.35720E+01 -1.51369E+00 
-1.07833E+02 -6.61123E-01 
-1.23035E+02 6.65907E-01 
-1.39319E+02 2.55260E+00 
-1.57314E+02 5.12272E+00 
-1.79359E+02 8.65542E+00 
-2.11935E+02 1.39286E+01 
-2.63346E+02 2.23983E+01 
-3.27467E+02 3.45864E+01 
-3.83920E+02 4.87542E+01 
7.61364E+00 1.77934E+00 
6.12873E+00 1.47052E+00 
8.21329E+00 3.74985E+00 
5.07164E+00 3.18628E+00 
1.53049E+00 2.57774E+00 
-2.43961E+00 1.93946E+00 
-6.86658E+00 1.28907E+00 
-1.06216E+01 7.90180E-01 
-1.17757E+01 6.46656E-01 
-1.76346E+01 -1.13607E-02 
-2.41030E+01 -6.03274E-01 
-3.11983E+01 -1.09555E+00 
-3.89310E+01 -1.45213E+00 
-4.47774E+01 -9.61496E-01 
-5.39160E+01 -9.46961E-01 
-6.37370E+01 -6.93489E-01 
-7.42334E+01 -1.50323E-01 
-8.53948E+01 7.37065E-01 
-9.72271E+01 2.02797E+00 
-1.09828E+02 3.79204E+00 
-1.23673E+02 6.13618E+00 
-1.40567E+02 9.31589E+00 
-1.65513E+02 1.40473E+01 
-2.04847E+02 2.16211E+01 
-2.53621E+02 3.23697E+01 
-2.95963E+02 4.45918E+01 
6.41269E+00 1.24647E+00 
5.20608E+00 9.91614E-01 
7.06693E+00 3.00647E+00 
4.51374E+00 2.55747E+00 
1.63604E+00 2.07790E+00 
-1.58777E+00 1.58142E+00 
-5.17764E+00 1.08359E+00 
-8.21760E+00 7.08399E-01 
-9.15088E+00 6.01746E-01 
-1.38811E+01 1.22069E-01 
-1.90875E+01 -2.90915E-01 
-2.47787E+01 -6.09369E-01 
-3.09571E+01 -8.03729E-01 
-3.55067E+01 -3.28164E-01 
-4.27319E+01 -2.08591E-01 
-5.04628E+01 1.19329E-01 
-5.86850E+01 6.96509E-01 
-6.73808E+01 1.56650E+00 
-7.65443E+01 2.77651E+00 
-8.62399E+01 4.38285E+00 
-9.68246E+01 6.47641E+00 
-1.09683E+02 9.28545E+00 
-1.28655E+02 1.34532E+01 
-1.58540E+02 2.01048E+01 
-1.95356E+02 2.94357E+01 
-2.26804E+02 3.98459E+01 
5.38071E+00 8.20899E-01 
4.40154E+00 6.08394E-01 
6.06407E+00 2.38562E+00 
3.99251E+00 2.02586E+00 
1.65799E+00 1.64649E+00 
-9.54952E-01 1.25960E+00 
-3.86007E+00 8.78689E-01 
-6.31569E+00 5.97437E-01 
-7.06867E+00 5.18607E-01 
-1.08782E+01 1.72186E-01 
-1.50575E+01 -1.09750E-01 
-1.96087E+01 -3.04327E-01 
-2.45290E+01 -3.87540E-01 
-2.80500E+01 5.40494E-02 
-3.37420E+01 2.33456E-01 
-3.98035E+01 5.92619E-01 
-4.62159E+01 1.16419E+00 
-5.29574E+01 1.98258E+00 
-6.00144E+01 3.08491E+00 
-6.74272E+01 4.51615E+00 
-7.54613E+01 6.35240E+00 
-8.51720E+01 8.79335E+00 
-9.94885E+01 1.24047E+01 
-1.22016E+02 1.81523E+01 
-1.49561E+02 2.61353E+01 
-1.72649E+02 3.48943E+01 
4.49734E+00 4.83688E-01 
3.70399E+00 3.04129E-01 
5.19022E+00 1.86809E+00 
3.51247E+00 1.57725E+00 
1.62221E+00 1.27504E+00 
-4.91265E-01 9.71997E-01 
-2.83700E+00 6.79711E-01 
-4.81581E+00 4.68871E-01 
-5.42180E+00 4.10739E-01 
-8.48168E+00 1.62272E-01 
-1.18266E+01 -2.57240E-02 
-1.54545E+01 -1.34641E-01 
-1.93589E+01 -1.45188E-01 
-2.20670E+01 2.51083E-01 
-2.65341E+01 4.58030E-01 
-3.12663E+01 8.18564E-01 
-3.62434E+01 1.35846E+00 
-4.14413E+01 2.10456E+00 
-4.68424E+01 3.08568E+00 
-5.24695E+01 4.33719E+00 
-5.85182E+01 5.92185E+00 
-6.57870E+01 8.01097E+00 
-7.64936E+01 1.10926E+01 
-9.33209E+01 1.59839E+01 
-1.13718E+02 2.27188E+01 
-1.30434E+02 2.99990E+01 
3.74549E+00 2.17274E-01 
3.10375E+00 6.31879E-02 
4.43295E+00 1.43588E+00 
3.07675E+00 1.19788E+00 
1.54930E+00 9.54586E-01 
-1.56443E-01 7.15085E-01 
-2.04600E+00 4.89198E-01 
-3.63647E+00 3.30402E-01 
-4.12285E+00 2.87428E-01 
-6.57357E+00 1.09625E-01 
-9.24225E+00 -1.27818E-02 
-1.21242E+01 -6.48126E-02 
-1.52107E+01 -3.11298E-02 
-1.72794E+01 3.14132E-01 
-2.07707E+01 5.26300E-01 
-2.44483E+01 8.68503E-01 
-2.82910E+01 1.36083E+00 
-3.22749E+01 2.02393E+00 
-3.63801E+01 2.87979E+00 
-4.06173E+01 3.95579E+00 
-4.51288E+01 5.30281E+00 
-5.05138E+01 7.06504E+00 
-5.84376E+01 9.65596E+00 
-7.08742E+01 1.37568E+01 
-8.57959E+01 1.93598E+01 
-9.76922E+01 2.53359E+01 
3.10948E+00 6.70672E-03 
2.59121E+00 -1.27736E-01 
3.78037E+00 1.07349E+00 
2.68620E+00 8.75754E-01 
1.45449E+00 6.77123E-01 
8.09296E-02 4.85325E-01 
-1.43739E+00 3.08594E-01 
-2.71230E+00 1.87683E-01 
-3.10157E+00 1.55615E-01 
-5.05853E+00 2.76757E-02 
-7.18068E+00 -5.04559E-02 
-9.46163E+00 -6.68546E-02 
-1.18918E+01 -9.46759E-03 
-1.34601E+01 2.83208E-01 
-1.61769E+01 4.85862E-01 
-1.90206E+01 7.97654E-01 
-2.19707E+01 1.23401E+00 
-2.50040E+01 1.81054E+00 
-2.81000E+01 2.54370E+00 
-3.12614E+01 3.45425E+00 
-3.45899E+01 4.58264E+00 
-3.85312E+01 6.04792E+00 
-4.43236E+01 8.19397E+00 
-5.34005E+01 1.15802E+01 
-6.41579E+01 1.61748E+01 
-7.24423E+01 2.10161E+01 
2.57448E+00 -1.60063E-01 
2.15652E+00 -2.79330E-01 
3.22067E+00 7.68223E-01 
2.33958E+00 6.01051E-01 
1.34839E+00 4.36071E-01 
2.44835E-01 2.79779E-01 
-9.72100E-01 1.38999E-01 
-1.99124E+00 4.52128E-02 
-2.30189E+00 2.08334E-02 
-3.85973E+00 -7.28438E-02 
-5.54146E+00 -1.22427E-01 
-7.33986E+00 -1.18535E-01 
-9.24507E+00 -5.18185E-02 
-1.04240E+01 1.89580E-01 
-1.25283E+01 3.73656E-01 
-1.47156E+01 6.48548E-01 
-1.69663E+01 1.02589E+00 
-1.92589E+01 1.51725E+00 
-2.15734E+01 2.13461E+00 
-2.39072E+01 2.89332E+00 
-2.63317E+01 3.82485E+00 
-2.91746E+01 5.02537E+00 
-3.33466E+01 6.77539E+00 
-3.98719E+01 9.52694E+00 
-4.74882E+01 1.32366E+01 
-5.30944E+01 1.71026E+01 
2.12659E+00 -2.92398E-01 
1.78987E+00 -3.99860E-01 
2.74236E+00 5.10005E-01 
2.03407E+00 3.66006E-01 
1.23801E+00 2.26282E-01 
3.53359E-01 9.62252E-02 
-6.19571E-01 -1.85732E-02 
-1.43199E+00 -9.32878E-02 
-1.67917E+00 -1.12370E-01 
-2.91538E+00 -1.83275E-01 
-4.24339E+00 -2.15654E-01 
-5.65570E+00 -2.02226E-01 
-7.14267E+00 -1.35842E-01 
-8.02061E+00 5.75191E-02 
-9.64259E+00 2.18099E-01 
-1.13153E+01 4.53603E-01 
-1.30208E+01 7.72624E-01 
-1.47394E+01 1.18347E+00 
-1.64525E+01 1.69462E+00 
-1.81540E+01 2.31700E+00 
-1.98930E+01 3.07441E+00 
-2.19073E+01 4.04271E+00 
-2.48580E+01 5.44577E+00 
-2.94621E+01 7.64229E+00 
-3.47320E+01 1.05862E+01 
-3.83776E+01 1.36238E+01 
1.75296E+00 -3.97427E-01 
1.48186E+00 -4.95590E-01 
2.33452E+00 2.90959E-01 
1.76599E+00 1.64583E-01 
1.12777E+00 4.37989E-02 
4.20096E-01 -6.69665E-02 
-3.55871E-01 -1.63188E-01 
-1.00174E+00 -2.24750E-01 
-1.19785E+00 -2.40278E-01 
-2.17575E+00 -2.96684E-01 
-3.22069E+00 -3.19811E-01 
-4.32529E+00 -3.04089E-01 
-5.48047E+00 -2.44151E-01 
-6.12739E+00 -9.43935E-02 
-7.37120E+00 4.07274E-02 
-8.64253E+00 2.37125E-01 
-9.92535E+00 5.00964E-01 
-1.12019E+01 8.38003E-01 
-1.24553E+01 1.25392E+00 
-1.36776E+01 1.75616E+00 
-1.49015E+01 2.36203E+00 
-1.62970E+01 3.12964E+00 
-1.83362E+01 4.23313E+00 
-2.15084E+01 5.95119E+00 
-2.50457E+01 8.24127E+00 
-2.72782E+01 1.05834E+01 
1.44202E+00 -4.80548E-01 
1.22376E+00 -5.71248E-01 
1.98709E+00 1.04919E-01 
1.53127E+00 -7.93877E-03 
1.02037E+00 -1.14456E-01 
4.55318E-01 -2.11044E-01 
-1.62166E-01 -2.94084E-01 
-6.74290E-01 -3.46744E-01 
-8.29448E-01 -3.59960E-01 
-1.60064E+00 -4.07656E-01 
-2.41992E+00 -4.26889E-01 
-3.28030E+00 -4.13477E-01 
-4.17344E+00 -3.63475E-01 
-4.64453E+00 -2.52247E-01 
-5.59325E+00 -1.42510E-01 
-6.55320E+00 1.68889E-02 
-7.51018E+00 2.30200E-01 
-8.44861E+00 5.01195E-01 
-9.35330E+00 8.33403E-01 
-1.02157E+01 1.23148E+00 
-1.10566E+01 1.70739E+00 
-1.19952E+01 2.30393E+00 
-1.33623E+01 3.15231E+00 
-1.54800E+01 4.46353E+00 
-1.77554E+01 6.20233E+00 
-1.89893E+01 7.96734E+00 
1.18364E+00 -5.45860E-01 
1.00779E+00 -6.30423E-01 
1.69112E+00 -5.29591E-02 
1.32588E+00 -1.55280E-01 
9.17335E-01 -2.50927E-01 
4.66851E-01 -3.37026E-01 
-2.35616E-02 -4.10724E-01 
-4.28691E-01 -4.57453E-01 
-5.51133E-01 -4.69210E-01 
-1.15757E+00 -5.12092E-01 
-1.79772E+00 -5.30844E-01 
-2.46516E+00 -5.22396E-01 
-3.15238E+00 -4.83927E-01 
-3.49092E+00 -4.05918E-01 
-4.21058E+00 -3.20148E-01 
-4.93036E+00 -1.94517E-01 
-5.63786E+00 -2.62604E-02 
-6.31956E+00 1.86873E-01 
-6.96218E+00 4.46774E-01 
-7.55716E+00 7.55945E-01 
-8.11680E+00 1.12196E+00 
-8.72279E+00 1.57466E+00 
-9.60116E+00 2.20875E+00 
-1.09537E+01 3.17870E+00 
-1.23257E+01 4.45871E+00 
-1.28719E+01 5.75068E+00 
9.69089E-01 -5.96541E-01 
8.27158E-01 -6.75909E-01 
1.43875E+00 -1.86583E-01 
1.14606E+00 -2.80482E-01 
8.19529E-01 -3.67667E-01 
4.60743E-01 -4.45869E-01 
7.18368E-02 -5.12872E-01 
-2.48029E-01 -5.55663E-01 
-3.44441E-01 -5.66526E-01 
-8.20103E-01 -6.07071E-01 
-1.31871E+00 -6.27320E-01 
-1.83447E+00 -6.25085E-01 
-2.36073E+00 -5.98424E-01 
-2.60045E+00 -5.48379E-01 
-3.14329E+00 -4.84341E-01 
-3.67899E+00 -3.88642E-01 
-4.19686E+00 -2.59653E-01 
-4.68535E+00 -9.62644E-02 
-5.13299E+00 1.02199E-01 
-5.53167E+00 3.36600E-01 
-5.88788E+00 6.10982E-01 
-6.25588E+00 9.44392E-01 
-6.78523E+00 1.40095E+00 
-7.59245E+00 2.08858E+00 
-8.33164E+00 2.99194E+00 
-8.42073E+00 3.90122E+00 
7.90950E-01 -6.35107E-01 
6.76072E-01 -7.09936E-01 
1.22323E+00 -2.99159E-01 
9.88458E-01 -3.86093E-01 
7.27391E-01 -4.66473E-01 
4.41720E-01 -5.38535E-01 
1.33576E-01 -6.00588E-01 
-1.18628E-01 -6.40709E-01 
-1.94419E-01 -6.51023E-01 
-5.66749E-01 -6.90668E-01 
-9.54047E-01 -7.13361E-01 
-1.35118E+00 -7.17606E-01 
-1.75235E+00 -7.02142E-01 
-1.91933E+00 -6.75065E-01 
-2.32653E+00 -6.30086E-01 
-2.72213E+00 -5.60250E-01 
-3.09706E+00 -4.64778E-01 
-3.44154E+00 -3.43392E-01 
-3.74587E+00 -1.96296E-01 
-4.00262E+00 -2.38400E-02 
-4.21441E+00 1.75233E-01 
-4.41582E+00 4.11122E-01 
-4.70146E+00 7.22755E-01 
-5.12901E+00 1.18031E+00 
-5.43762E+00 1.77892E+00 
-5.23815E+00 2.38309E+00 
6.43037E-01 -6.63602E-01 
5.49661E-01 -7.34334E-01 
1.03887E+00 -3.93383E-01 
8.50136E-01 -4.74309E-01 
6.41121E-01 -5.48974E-01 
4.13512E-01 -6.16029E-01 
1.69352E-01 -6.74213E-01 
-2.93958E-02 -7.12397E-01 
-8.89258E-02 -7.22352E-01 
-3.79997E-01 -7.61788E-01 
-6.80215E-01 -7.87157E-01 
-9.85093E-01 -7.97497E-01 
-1.28965E+00 -7.92069E-01 
-1.40393E+00 -7.83344E-01 
-1.70774E+00 -7.54589E-01 
-1.99755E+00 -7.06573E-01 
-2.26572E+00 -6.39135E-01 
-2.50412E+00 -5.52584E-01 
-2.70460E+00 -4.47729E-01 
-2.86063E+00 -3.25788E-01 
-2.97234E+00 -1.87653E-01 
-3.06048E+00 -3.02398E-02 
-3.18098E+00 1.64995E-01 
-3.35234E+00 4.38095E-01 
-3.37958E+00 7.94203E-01 
-3.01286E+00 1.15914E+00 
5.20209E-01 -6.83724E-01 
4.43864E-01 -7.50644E-01 
8.80856E-01 -4.71555E-01 
7.28576E-01 -5.47068E-01 
5.60777E-01 -6.16691E-01 
3.79080E-01 -6.79417E-01 
1.85386E-01 -7.34332E-01 
2.86728E-02 -7.70935E-01 
-1.80955E-02 -7.80610E-01 
-2.45587E-01 -8.20015E-01 
-4.78050E-01 -8.47817E-01 
-7.11618E-01 -8.63463E-01 
-9.42054E-01 -8.66604E-01 
-1.01884E+00 -8.72081E-01 
-1.24442E+00 -8.56738E-01 
-1.45504E+00 -8.26696E-01 
-1.64435E+00 -7.82223E-01 
-1.80563E+00 -7.24021E-01 
-1.93220E+00 -6.53289E-01 
-2.01842E+00 -5.71833E-01 
-2.06298E+00 -4.82156E-01 
-2.07717E+00 -3.86769E-01 
-2.09042E+00 -2.83295E-01 
-2.09642E+00 -1.55269E-01 
-1.95083E+00 1.15376E-02 
-1.50223E+00 1.92641E-01 
4.16781E-01 -6.97057E-01 
3.54062E-01 -7.60281E-01 
7.43224E-01 -5.36566E-01 
6.20077E-01 -6.06919E-01 
4.85219E-01 -6.71803E-01 
3.40160E-01 -7.30496E-01 
1.86629E-01 -7.82362E-01 
6.32601E-02 -8.17460E-01 
2.65933E-02 -8.26857E-01 
-1.50737E-01 -8.66071E-01 
-3.30071E-01 -8.95798E-01 
-5.08125E-01 -9.15801E-01 
-6.81347E-01 -9.26013E-01 
-7.31752E-01 -9.42181E-01 
-8.97824E-01 -9.37735E-01 
-1.04896E+00 -9.22320E-01 
-1.17997E+00 -8.96490E-01 
-1.28541E+00 -8.61189E-01 
-1.35987E+00 -8.17840E-01 
-1.39864E+00 -7.68619E-01 
-1.39967E+00 -7.17207E-01 
-1.36793E+00 -6.70452E-01 
-1.31520E+00 -6.38661E-01 
-1.22047E+00 -6.23632E-01 
-9.78483E-01 -6.03070E-01 
-5.06414E-01 -5.61574E-01 
3.32402E-01 -7.04420E-01 
2.80207E-01 -7.64100E-01 
6.26829E-01 -5.88173E-01 
5.26147E-01 -6.53599E-01 
4.16694E-01 -7.13991E-01 
2.99845E-01 -7.68851E-01 
1.77148E-01 -8.17764E-01 
7.92871E-02 -8.51316E-01 
5.03300E-02 -8.60399E-01 
-8.88512E-02 -8.99068E-01 
-2.28050E-01 -9.30005E-01 
-3.64503E-01 -9.53194E-01 
-4.95256E-01 -9.68767E-01 
-5.28203E-01 -9.92297E-01 
-6.50795E-01 -9.96126E-01 
-7.59130E-01 -9.91904E-01 
-8.48996E-01 -9.80356E-01 
-9.16042E-01 -9.62538E-01 
-9.55957E-01 -9.39970E-01 
-9.64889E-01 -9.15016E-01 
-9.40541E-01 -8.92145E-01 
-8.84029E-01 -8.81352E-01 
-7.96326E-01 -9.02288E-01 
-6.49310E-01 -9.70043E-01 
-3.66543E-01 -1.05564E+00 
9.01456E-02 -1.11350E+00 
2.62404E-01 -7.07107E-01 
2.18453E-01 -7.63280E-01 
5.26538E-01 -6.29037E-01 
4.43420E-01 -6.89572E-01 
3.53831E-01 -7.45518E-01 
2.59004E-01 -7.96550E-01 
1.60302E-01 -8.42427E-01 
8.22167E-02 -8.74279E-01 
5.92216E-02 -8.82983E-01 
-5.05724E-02 -9.20661E-01 
-1.59082E-01 -9.52076E-01 
-2.64007E-01 -9.77368E-01 
-3.62922E-01 -9.96801E-01 
-3.84555E-01 -1.02506E+00 
-4.75102E-01 -1.03499E+00 
-5.52469E-01 -1.03917E+00 
-6.13294E-01 -1.03839E+00 
-6.54150E-01 -1.03374E+00 
-6.71665E-01 -1.02674E+00 
-6.62775E-01 -1.01981E+00 
-6.25256E-01 -1.01790E+00 
-5.58033E-01 -1.03323E+00 
-4.55951E-01 -1.09216E+00 
-2.88689E-01 -1.21924E+00 
-1.21605E-03 -1.38007E+00 
4.16596E-01 -1.50667E+00 
2.04404E-01 -7.05999E-01 
1.66887E-01 -7.58672E-01 
4.40009E-01 -6.60508E-01 
3.70577E-01 -7.16135E-01 
2.96469E-01 -7.67612E-01 
2.18773E-01 -8.14754E-01 
1.38673E-01 -8.57454E-01 
7.58559E-02 -8.87414E-01 
5.74509E-02 -8.95668E-01 
-2.98152E-02 -9.31885E-01 
-1.14993E-01 -9.63065E-01 
-1.96192E-01 -9.89449E-01 
-2.71447E-01 -1.01138E+00 
-2.86157E-01 -1.04218E+00 
-3.53343E-01 -1.05633E+00 
-4.08650E-01 -1.06649E+00 
-4.49439E-01 -1.07348E+00 
-4.73061E-01 -1.07833E+00 
-4.76937E-01 -1.08249E+00 
-4.58704E-01 -1.08837E+00 
-4.16402E-01 -1.10115E+00 
-3.47926E-01 -1.13449E+00 
-2.45249E-01 -1.21929E+00 
-7.90946E-02 -1.38640E+00 
1.89942E-01 -1.59724E+00 
5.55876E-01 -1.76804E+00 
1.56420E-01 -7.01850E-01 
1.23912E-01 -7.51014E-01 
3.65274E-01 -6.83791E-01 
3.06487E-01 -7.34475E-01 
2.44420E-01 -7.81441E-01 
1.80020E-01 -8.24614E-01 
1.14302E-01 -8.63982E-01 
6.32332E-02 -8.91860E-01 
4.83492E-02 -8.99593E-01 
-2.17201E-02 -9.33908E-01 
-8.92562E-02 -9.64201E-01 
-1.52727E-01 -9.90770E-01 
-2.10563E-01 -1.01399E+00 
-2.21410E-01 -1.04559E+00 
-2.71779E-01 -1.06233E+00 
-3.11669E-01 -1.07641E+00 
-3.39047E-01 -1.08860E+00 
-3.51912E-01 -1.09987E+00 
-3.48347E-01 -1.11155E+00 
-3.26593E-01 -1.12591E+00 
-2.85060E-01 -1.14824E+00 
-2.21392E-01 -1.19299E+00 
-1.26893E-01 -1.29380E+00 
2.46765E-02 -1.48530E+00 
2.61537E-01 -1.72588E+00 
5.69973E-01 -1.92150E+00 
1.16756E-01 -6.95288E-01 
8.81437E-02 -7.40928E-01 
3.00590E-01 -6.99980E-01 
2.50096E-01 -7.45695E-01 
1.97406E-01 -7.88116E-01 
1.43333E-01 -8.27246E-01 
8.87354E-02 -8.63144E-01 
4.67002E-02 -8.88770E-01 
3.45136E-02 -8.95919E-01 
-2.24564E-02 -9.27941E-01 
-7.67034E-02 -9.56774E-01 
-1.27007E-01 -9.82739E-01 
-1.72138E-01 -1.00621E+00 
-1.81181E-01 -1.03723E+00 
-2.19611E-01 -1.05518E+00 
-2.48975E-01 -1.07144E+00 
-2.67747E-01 -1.08671E+00 
-2.74455E-01 -1.10182E+00 
-2.67722E-01 -1.11799E+00 
-2.46307E-01 -1.13734E+00 
-2.09027E-01 -1.16506E+00 
-1.53778E-01 -1.21591E+00 
-7.26167E-02 -1.32485E+00 
5.65462E-02 -1.52823E+00 
2.54127E-01 -1.78251E+00 
5.04393E-01 -1.98796E+00 
8.41269E-02 -6.86871E-01 
5.85409E-02 -7.28986E-01 
2.44700E-01 -7.09994E-01 
2.00679E-01 -7.50762E-01 
1.55297E-01 -7.88645E-01 
1.09242E-01 -8.23702E-01 
6.32272E-02 -8.56038E-01 
2.81180E-02 -8.79281E-01 
1.79903E-02 -8.85796E-01 
-2.90490E-02 -9.15202E-01 
-7.33558E-02 -9.42093E-01 
-1.13978E-01 -9.66784E-01 
-1.49973E-01 -9.89626E-01 
-1.58552E-01 -1.01899E+00 
-1.88687E-01 -1.03700E+00 
-2.11121E-01 -1.05397E+00 
-2.24743E-01 -1.07052E+00 
-2.28508E-01 -1.08736E+00 
-2.21472E-01 -1.10555E+00 
-2.02818E-01 -1.12702E+00 
-1.71776E-01 -1.15681E+00 
-1.26788E-01 -1.20958E+00 
-6.15192E-02 -1.32040E+00 
4.14894E-02 -1.52579E+00 
1.97414E-01 -1.78126E+00 
3.92247E-01 -1.98512E+00 
5.73825E-02 -6.77065E-01 
3.41501E-02 -7.15666E-01 
1.96414E-01 -7.14692E-01 
1.57485E-01 -7.50587E-01 
1.17833E-01 -7.83987E-01 
7.80275E-02 -8.14984E-01 
3.86513E-02 -8.43709E-01 
8.85399E-03 -8.64475E-01 
2.96658E-04 -8.70319E-01 
-3.92320E-02 -8.96853E-01 
-7.61439E-02 -9.21401E-01 
-1.09715E-01 -9.44253E-01 
-1.39243E-01 -9.65717E-01 
-1.48178E-01 -9.92633E-01 
-1.72699E-01 -1.00971E+00 
-1.90801E-01 -1.02618E+00 
-2.01702E-01 -1.04254E+00 
-2.04696E-01 -1.05937E+00 
-1.99178E-01 -1.07758E+00 
-1.84670E-01 -1.09892E+00 
-1.60788E-01 -1.12818E+00 
-1.26678E-01 -1.17959E+00 
-7.80655E-02 -1.28747E+00 
-2.17216E-03 -1.48730E+00 
1.12849E-01 -1.73446E+00 
2.57001E-01 -1.92836E+00 
3.55540E-02 -6.66256E-01 
1.41551E-02 -7.01368E-01 
1.54718E-01 -7.14827E-01 
1.19842E-01 -7.45976E-01 
8.47190E-02 -7.74992E-01 
4.98119E-02 -8.01986E-01 
1.55845E-02 -8.27093E-01 
-1.01384E-02 -8.45321E-01 
-1.74997E-02 -8.50466E-01 
-5.13675E-02 -8.73924E-01 
-8.28203E-02 -8.95799E-01 
-1.11325E-01 -9.16335E-01 
-1.36378E-01 -9.35788E-01 
-1.46129E-01 -9.59661E-01 
-1.67000E-01 -9.75003E-01 
-1.82622E-01 -9.89955E-01 
-1.92473E-01 -1.00490E+00 
-1.96106E-01 -1.02033E+00 
-1.93172E-01 -1.03698E+00 
-1.83459E-01 -1.05643E+00 
-1.66929E-01 -1.08316E+00 
-1.43487E-01 -1.13077E+00 
-1.11095E-01 -1.23209E+00 
-6.14313E-02 -1.42066E+00 
1.54302E-02 -1.65252E+00 
1.14754E-01 -1.83056E+00 
1.77716E-02 -6.54723E-01 
-2.20049E-03 -6.86370E-01 
1.18647E-01 -7.11023E-01 
8.70476E-02 -7.37593E-01 
5.55441E-02 -7.62356E-01 
2.45025E-02 -7.85426E-01 
-5.71914E-03 -8.06927E-01 
-2.83173E-02 -8.22576E-01 
-3.47695E-02 -8.27000E-01 
-6.43924E-02 -8.47211E-01 
-9.18586E-02 -8.66121E-01 
-1.16793E-01 -8.83927E-01 
-1.38849E-01 -9.00824E-01 
-1.49649E-01 -9.21219E-01 
-1.68291E-01 -9.34135E-01 
-1.82732E-01 -9.46730E-01 
-1.92645E-01 -9.59297E-01 
-1.97774E-01 -9.72205E-01 
-1.97959E-01 -9.86065E-01 
-1.93188E-01 -1.00229E+00 
-1.83722E-01 -1.02502E+00 
-1.70221E-01 -1.06705E+00 
-1.52880E-01 -1.15918E+00 
-1.27454E-01 -1.33236E+00 
-8.49091E-02 -1.54396E+00 
-2.41811E-02 -1.70223E+00 
3.27675E-03 -6.42645E-01 
-1.56023E-02 -6.70846E-01 
8.73499E-02 -7.03755E-01 
5.84334E-02 -7.25936E-01 
2.98435E-02 -7.46594E-01 
1.85904E-03 -7.65828E-01 
-2.52536E-02 -7.83745E-01 
-4.54716E-02 -7.96777E-01 
-5.12394E-02 -8.00459E-01 
-7.77212E-02 -8.17265E-01 
-1.02338E-01 -8.32949E-01 
-1.24840E-01 -8.47656E-01 
-1.45005E-01 -8.61523E-01 
-1.56946E-01 -8.78117E-01 
-1.74385E-01 -8.88032E-01 
-1.88534E-01 -8.97587E-01 
-1.99211E-01 -9.06991E-01 
-2.06295E-01 -9.16522E-01 
-2.09756E-01 -9.26681E-01 
-2.09727E-01 -9.38717E-01 
-2.06720E-01 -9.56442E-01 
-2.02112E-01 -9.91674E-01 
-1.98217E-01 -1.07281E+00 
-1.94397E-01 -1.22776E+00 
-1.81770E-01 -1.41581E+00 
-1.53408E-01 -1.55203E+00 
-8.67015E-03 -6.30050E-01 
-2.67497E-02 -6.54793E-01 
5.99603E-02 -6.93303E-01 
3.32538E-02 -7.11287E-01 
7.00943E-03 -7.27976E-01 
-1.85699E-02 -7.43447E-01 
-4.32959E-02 -7.57785E-01 
-6.17304E-02 -7.68152E-01 
-6.69932E-02 -7.71070E-01 
-9.12092E-02 -7.84309E-01 
-1.13866E-01 -7.96517E-01 
-1.34809E-01 -8.07787E-01 
-1.53907E-01 -8.18206E-01 
-1.67001E-01 -8.30759E-01 
-1.83957E-01 -8.37202E-01 
-1.98399E-01 -8.43177E-01 
-2.10238E-01 -8.48827E-01 
-2.19445E-01 -8.54359E-01 
-2.26071E-01 -8.60186E-01 
-2.30352E-01 -8.67414E-01 
-2.33006E-01 -8.79502E-01 
-2.36073E-01 -9.07216E-01 
-2.43809E-01 -9.76249E-01 
-2.58690E-01 -1.11116E+00 
-2.71453E-01 -1.27374E+00 
-2.69539E-01 -1.38690E+00 
-1.88300E-02 -6.16772E-01 
-3.63908E-02 -6.37999E-01 
3.55683E-02 -6.79710E-01 
1.06689E-02 -6.93659E-01 
-1.37123E-02 -7.06482E-01 
-3.74360E-02 -7.18231E-01 
-6.03776E-02 -7.28961E-01 
-7.75202E-02 -7.36596E-01 
-8.24246E-02 -7.38723E-01 
-1.05082E-01 -7.48220E-01 
-1.26480E-01 -7.56706E-01 
-1.46533E-01 -7.64231E-01 
-1.65171E-01 -7.70843E-01 
-1.79386E-01 -7.79181E-01 
-1.96344E-01 -7.81786E-01 
-2.11420E-01 -7.83787E-01 
-2.24587E-01 -7.85279E-01 
-2.35864E-01 -7.86417E-01 
-2.45353E-01 -7.87549E-01 
-2.53354E-01 -7.89654E-01 
-2.60760E-01 -7.95835E-01 
-2.70208E-01 -8.15727E-01 
-2.87699E-01 -8.72116E-01 
-3.18333E-01 -9.86070E-01 
-3.52087E-01 -1.12231E+00 
-3.71176E-01 -1.21243E+00 
-2.80329E-02 -6.02395E-01 
-4.53613E-02 -6.19988E-01 
1.31866E-02 -6.62740E-01 
-1.02754E-02 -6.72766E-01 
-3.32256E-02 -6.81776E-01 
-5.55749E-02 -6.89795E-01 
-7.72475E-02 -6.96852E-01 
-9.35101E-02 -7.01668E-01 
-9.81773E-02 -7.02972E-01 
-1.19850E-01 -7.08546E-01 
-1.40539E-01 -7.13079E-01 
-1.60203E-01 -7.16596E-01 
-1.78809E-01 -7.19114E-01 
-1.94077E-01 -7.23127E-01 
-2.11323E-01 -7.21655E-01 
-2.27179E-01 -7.19447E-01 
-2.41647E-01 -7.16571E-01 
-2.54771E-01 -7.13151E-01 
-2.66674E-01 -7.09489E-01 
-2.77698E-01 -7.06448E-01 
-2.88883E-01 -7.06772E-01 
-3.03401E-01 -7.18915E-01 
-3.28794E-01 -7.62616E-01 
-3.72329E-01 -8.55399E-01 
-4.22947E-01 -9.65353E-01 
-4.58145E-01 -1.03326E+00 
-3.72163E-02 -5.86214E-01 
-5.46085E-02 -5.99991E-01 
-8.26996E-03 -6.41853E-01 
-3.06481E-02 -6.48009E-01 
-5.25641E-02 -6.53203E-01 
-7.39653E-02 -6.57444E-01 
-9.48096E-02 -6.60736E-01 
-1.10533E-01 -6.62636E-01 
-1.15061E-01 -6.63085E-01 
-1.36201E-01 -6.64566E-01 
-1.56592E-01 -6.64960E-01 
-1.76213E-01 -6.64274E-01 
-1.95049E-01 -6.62517E-01 
-2.11262E-01 -6.62179E-01 
-2.28903E-01 -6.56539E-01 
-2.45508E-01 -6.50069E-01 
-2.61090E-01 -6.42827E-01 
-2.75693E-01 -6.34923E-01 
-2.89447E-01 -6.26625E-01 
-3.02721E-01 -6.18694E-01 
-3.16679E-01 -6.13510E-01 
-3.34974E-01 -6.18307E-01 
-3.66490E-01 -6.49703E-01 
-4.20234E-01 -7.21719E-01 
-4.83932E-01 -8.06176E-01 
-5.30905E-01 -8.53362E-01 
-4.74279E-02 -5.67217E-01 
-6.51774E-02 -5.76948E-01 
-2.99547E-02 -6.16233E-01 
-5.15836E-02 -6.18519E-01 
-7.28217E-02 -6.19863E-01 
-9.36392E-02 -6.20257E-01 
-1.14013E-01 -6.19694E-01 
-1.29461E-01 -6.18599E-01 
-1.33925E-01 -6.18170E-01 
-1.54857E-01 -6.15444E-01 
-1.75214E-01 -6.11595E-01 
-1.94982E-01 -6.06629E-01 
-2.14145E-01 -6.00556E-01 
-2.31131E-01 -5.95956E-01 
-2.49106E-01 -5.86242E-01 
-2.66269E-01 -5.75666E-01 
-2.82627E-01 -5.64288E-01 
-2.98219E-01 -5.52218E-01 
-3.13168E-01 -5.39702E-01 
-3.27861E-01 -5.27403E-01 
-3.43576E-01 -5.17331E-01 
-3.64393E-01 -5.15483E-01 
-4.00344E-01 -5.35339E-01 
-4.61784E-01 -5.87535E-01 
-5.35116E-01 -6.47929E-01 
-5.90065E-01 -6.76387E-01 
-5.98095E-02 -5.44094E-01 
-7.81774E-02 -5.49535E-01 
-5.30604E-02 -5.84819E-01 
-7.42315E-02 -5.83214E-01 
-9.50828E-02 -5.80668E-01 
-1.15595E-01 -5.77168E-01 
-1.35752E-01 -5.72704E-01 
-1.51094E-01 -5.68585E-01 
-1.55538E-01 -5.67271E-01 
-1.76437E-01 -5.60327E-01 
-1.96866E-01 -5.52263E-01 
-2.16802E-01 -5.43094E-01 
-2.36220E-01 -5.32845E-01 
-2.53723E-01 -5.24219E-01 
-2.71807E-01 -5.10730E-01 
-2.89186E-01 -4.96424E-01 
-3.05854E-01 -4.81374E-01 
-3.21838E-01 -4.65696E-01 
-3.37254E-01 -4.49619E-01 
-3.52506E-01 -4.33708E-01 
-3.68972E-01 -4.19602E-01 
-3.91108E-01 -4.12056E-01 
-4.29905E-01 -4.21456E-01 
-4.96704E-01 -4.55242E-01 
-5.76550E-01 -4.93530E-01 
-6.36169E-01 -5.05641E-01 
-7.53951E-02 -5.15550E-01 
-9.45613E-02 -5.16531E-01 
-7.85178E-02 -5.46723E-01 
-9.94431E-02 -5.41258E-01 
-1.20099E-01 -5.34859E-01 
-1.40465E-01 -5.27518E-01 
-1.60522E-01 -5.19232E-01 
-1.75816E-01 -5.12174E-01 
-1.80250E-01 -5.10004E-01 
-2.01123E-01 -4.99013E-01 
-2.21553E-01 -4.86964E-01 
-2.41501E-01 -4.73893E-01 
-2.60928E-01 -4.59847E-01 
-2.78588E-01 -4.47634E-01 
-2.96406E-01 -4.30908E-01 
-3.13527E-01 -4.13494E-01 
-3.29932E-01 -3.95480E-01 
-3.45633E-01 -3.76990E-01 
-3.60745E-01 -3.58234E-01 
-3.75687E-01 -3.39681E-01 
-3.91932E-01 -3.22600E-01 
-4.14252E-01 -3.10528E-01 
-4.54396E-01 -3.10880E-01 
-5.24353E-01 -3.28175E-01 
-6.07849E-01 -3.46882E-01 
-6.69267E-01 -3.45379E-01 
-9.51619E-02 -4.80135E-01 
-1.15182E-01 -4.76591E-01 
-1.07193E-01 -5.00941E-01 
-1.27960E-01 -4.91728E-01 
-1.48471E-01 -4.81619E-01 
-1.68698E-01 -4.70616E-01 
-1.88612E-01 -4.58731E-01 
-2.03786E-01 -4.48942E-01 
-2.08181E-01 -4.45984E-01 
-2.28852E-01 -4.31307E-01 
-2.49031E-01 -4.15710E-01 
-2.68664E-01 -3.99250E-01 
-2.87696E-01 -3.82000E-01 
-3.05049E-01 -3.66820E-01 
-3.22101E-01 -3.47597E-01 
-3.38389E-01 -3.27890E-01 
-3.53883E-01 -3.07802E-01 
-3.68588E-01 -2.87461E-01 
-3.82619E-01 -2.67056E-01 
-3.96416E-01 -2.46956E-01 
-4.11534E-01 -2.28064E-01 
-4.33000E-01 -2.12749E-01 
-4.73111E-01 -2.05633E-01 
-5.44186E-01 -2.08635E-01 
-6.28752E-01 -2.10570E-01 
-6.89529E-01 -1.98285E-01 
-1.19648E-01 -4.36871E-01 
-1.40408E-01 -4.28935E-01 
-1.39374E-01 -4.47099E-01 
-1.59915E-01 -4.34415E-01 
-1.80168E-01 -4.20915E-01 
-2.00093E-01 -4.06623E-01 
-2.19649E-01 -3.91568E-01 
-2.34497E-01 -3.79420E-01 
-2.38789E-01 -3.75789E-01 
-2.58905E-01 -3.58024E-01 
-2.78416E-01 -3.39548E-01 
-2.97257E-01 -3.20446E-01 
-3.15360E-01 -3.00810E-01 
-3.31851E-01 -2.83469E-01 
-3.47555E-01 -2.62672E-01 
-3.62379E-01 -2.41652E-01 
-3.76288E-01 -2.20523E-01 
-3.89290E-01 -1.99412E-01 
-4.01505E-01 -1.78480E-01 
-4.13397E-01 -1.57991E-01 
-4.26587E-01 -1.38499E-01 
-4.46284E-01 -1.21283E-01 
-4.85109E-01 -1.08424E-01 
-5.55408E-01 -9.96157E-02 
-6.38710E-01 -8.78711E-02 
-6.96800E-01 -6.76852E-02 
-1.48870E-01 -3.85351E-01 
-1.70066E-01 -3.73398E-01 
-1.74804E-01 -3.85439E-01 
-1.94881E-01 -3.69755E-01 
-2.14593E-01 -3.53390E-01 
-2.33888E-01 -3.36387E-01 
-2.52710E-01 -3.18798E-01 
-2.66913E-01 -3.04824E-01 
-2.71002E-01 -3.00683E-01 
-2.90062E-01 -2.80641E-01 
-3.08363E-01 -2.60164E-01 
-3.25828E-01 -2.39353E-01 
-3.42386E-01 -2.18319E-01 
-3.57415E-01 -1.99767E-01 
-3.71159E-01 -1.78431E-01 
-3.83888E-01 -1.57168E-01 
-3.95572E-01 -1.36094E-01 
-4.06226E-01 -1.15324E-01 
-4.15981E-01 -9.49878E-02 
-4.25328E-01 -7.52418E-02 
-4.35937E-01 -5.63144E-02 
-4.53108E-01 -3.85028E-02 
-4.89551E-01 -2.16597E-02 
-5.57358E-01 -3.67016E-03 
-6.37335E-01 1.85512E-02 
-6.91092E-01 4.38628E-02 
-1.82180E-01 -3.25995E-01 
-2.03332E-01 -3.10653E-01 
-2.12579E-01 -3.17021E-01 
-2.31802E-01 -2.99005E-01 
-2.50546E-01 -2.80494E-01 
-2.68746E-01 -2.61550E-01 
-2.86339E-01 -2.42246E-01 
-2.99493E-01 -2.27112E-01 
-3.03258E-01 -2.22660E-01 
-3.20672E-01 -2.01322E-01 
-3.37148E-01 -1.79865E-01 
-3.52612E-01 -1.58403E-01 
-3.66995E-01 -1.37054E-01 
-3.79963E-01 -1.18311E-01 
-3.91171E-01 -9.75032E-02 
-4.01240E-01 -7.70690E-02 
-4.10147E-01 -5.71153E-02 
-4.17924E-01 -3.77412E-02 
-4.24720E-01 -1.90337E-02 
-4.31047E-01 -1.04804E-03 
-4.38600E-01 1.62808E-02 
-4.52678E-01 3.35043E-02 
-4.85838E-01 5.26344E-02 
-5.49655E-01 7.71670E-02 
-6.24554E-01 1.06704E-01 
-6.72739E-01 1.34602E-01 
-2.18242E-01 -2.60153E-01 
-2.38732E-01 -2.42270E-01 
-2.51190E-01 -2.43737E-01 
-2.69059E-01 -2.24222E-01 
-2.86312E-01 -2.04436E-01 
-3.02876E-01 -1.84462E-01 
-3.18683E-01 -1.64384E-01 
-3.30351E-01 -1.48836E-01 
-3.33664E-01 -1.44295E-01 
-3.48818E-01 -1.22728E-01 
-3.62860E-01 -1.01376E-01 
-3.75725E-01 -8.03535E-02 
-3.87356E-01 -5.97756E-02 
-3.97733E-01 -4.18465E-02 
-4.05931E-01 -2.25734E-02 
-4.12894E-01 -3.95049E-03 
-4.18618E-01 1.39324E-02 
-4.23155E-01 3.10018E-02 
-4.26673E-01 4.72154E-02 
-4.29702E-01 6.26131E-02 
-4.33931E-01 7.75117E-02 
-4.44563E-01 9.31582E-02 
-4.73757E-01 1.13035E-01 
-5.32354E-01 1.41597E-01 
-6.00776E-01 1.75486E-01 
-6.42557E-01 2.03778E-01 
-2.55122E-01 -1.90063E-01 
-2.74266E-01 -1.70638E-01 
-2.88662E-01 -1.68202E-01 
-3.04636E-01 -1.48116E-01 
-3.19848E-01 -1.28008E-01 
-3.34227E-01 -1.07971E-01 
-3.47702E-01 -8.81019E-02 
-3.57468E-01 -7.29039E-02 
-3.60210E-01 -6.84963E-02 
-3.72544E-01 -4.77621E-02 
-3.83622E-01 -2.75618E-02 
-3.93393E-01 -8.00415E-03 
-4.01817E-01 1.08097E-02 
-4.09201E-01 2.70207E-02 
-4.14065E-01 4.38984E-02 
-4.17646E-01 5.98976E-02 
-4.19965E-01 7.49526E-02 
-4.21094E-01 8.90212E-02 
-4.21222E-01 1.02106E-01 
-4.20885E-01 1.14333E-01 
-4.21740E-01 1.26220E-01 
-4.28793E-01 1.39547E-01 
-4.53586E-01 1.58866E-01 
-5.06041E-01 1.89191E-01 
-5.66974E-01 2.24797E-01 
-6.01923E-01 2.51717E-01 
-2.90526E-01 -1.18595E-01 
-3.07657E-01 -9.86796E-02 
-3.22817E-01 -9.34459E-02 
-3.36383E-01 -7.37270E-02 
-3.49054E-01 -5.42380E-02 
-3.60761E-01 -3.50791E-02 
-3.71441E-01 -1.63475E-02 
-3.78964E-01 -2.20778E-03 
-3.81038E-01 1.86136E-03 
-3.90120E-01 2.08060E-02 
-3.97844E-01 3.89344E-02 
-4.04181E-01 5.61546E-02 
-4.09116E-01 7.23867E-02 
-4.13271E-01 8.61513E-02 
-4.14665E-01 9.99846E-02 
-4.14785E-01 1.12776E-01 
-4.13678E-01 1.24489E-01 
-4.11437E-01 1.35115E-01 
-4.08267E-01 1.44700E-01 
-4.04705E-01 1.53440E-01 
-4.02338E-01 1.62004E-01 
-4.05891E-01 1.72541E-01 
-4.26092E-01 1.90280E-01 
-4.71816E-01 2.20447E-01 
-5.24651E-01 2.55572E-01 
-5.52708E-01 2.79815E-01 
-3.21930E-01 -4.92751E-02 
-3.36489E-01 -2.98710E-02 
-3.51409E-01 -2.29409E-02 
-3.62169E-01 -4.44101E-03 
-3.71927E-01 1.35921E-02 
-3.80619E-01 3.10592E-02 
-3.88194E-01 4.78675E-02 
-3.93263E-01 6.03655E-02 
-3.94612E-01 6.39301E-02 
-4.00199E-01 8.03250E-02 
-4.04383E-01 9.56788E-02 
-4.07159E-01 1.09923E-01 
-4.08539E-01 1.23007E-01 
-4.09437E-01 1.33838E-01 
-4.07439E-01 1.44246E-01 
-4.04235E-01 1.53522E-01 
-3.99893E-01 1.61661E-01 
-3.94528E-01 1.68687E-01 
-3.88357E-01 1.74685E-01 
-3.81902E-01 1.79903E-01 
-3.76657E-01 1.85111E-01 
-3.76988E-01 1.92667E-01 
-3.92663E-01 2.08125E-01 
-4.31432E-01 2.36626E-01 
-4.75996E-01 2.69576E-01 
-4.97456E-01 2.90319E-01 
-3.47563E-01 1.56412E-02 
-3.59114E-01 3.36598E-02 
-3.72998E-01 4.13096E-02 
-3.80667E-01 5.78706E-02 
-3.87257E-01 7.37556E-02 
-3.92718E-01 8.88721E-02 
-3.97014E-01 1.03138E-01 
-3.99523E-01 1.13547E-01 
-4.00121E-01 1.16481E-01 
-4.02127E-01 1.29766E-01 
-4.02742E-01 1.41851E-01 
-4.01989E-01 1.52698E-01 
-3.99906E-01 1.62284E-01 
-3.97668E-01 1.69903E-01 
-3.92500E-01 1.76719E-01 
-3.86246E-01 1.82385E-01 
-3.78995E-01 1.86927E-01 
-3.70877E-01 1.90400E-01 
-3.62115E-01 1.92920E-01 
-3.53206E-01 1.94772E-01 
-3.45525E-01 1.96776E-01 
-3.43017E-01 2.01361E-01 
-3.54376E-01 2.14102E-01 
-3.86191E-01 2.39828E-01 
-4.22562E-01 2.69375E-01 
-4.37899E-01 2.86171E-01 
-3.65489E-01 7.28654E-02 
-3.73808E-01 8.88256E-02 
-3.86102E-01 9.63798E-02 
-3.90593E-01 1.10490E-01 
-3.93965E-01 1.23755E-01 
-3.96186E-01 1.36093E-01 
-3.97238E-01 1.47439E-01 
-3.97247E-01 1.55503E-01 
-3.97117E-01 1.57740E-01 
-3.95682E-01 1.67632E-01 
-3.92924E-01 1.76236E-01 
-3.88894E-01 1.83546E-01 
-3.83656E-01 1.89573E-01 
-3.78595E-01 1.93965E-01 
-3.70665E-01 1.97290E-01 
-3.61809E-01 1.99514E-01 
-3.52135E-01 2.00689E-01 
-3.41781E-01 2.00899E-01 
-3.30970E-01 2.00280E-01 
-3.20163E-01 1.99136E-01 
-3.10597E-01 1.98294E-01 
-3.05759E-01 2.00138E-01 
-3.13211E-01 2.10013E-01 
-3.38399E-01 2.32273E-01 
-3.67029E-01 2.57685E-01 
-3.76959E-01 2.70471E-01 
-3.74775E-01 1.20624E-01 
-3.79823E-01 1.34071E-01 
-3.90202E-01 1.40925E-01 
-3.91584E-01 1.52278E-01 
-3.91849E-01 1.62659E-01 
-3.90981E-01 1.72005E-01 
-3.88982E-01 1.80269E-01 
-3.86668E-01 1.85901E-01 
-3.85867E-01 1.87420E-01 
-3.81293E-01 1.93867E-01 
-3.75513E-01 1.99007E-01 
-3.68601E-01 2.02865E-01 
-3.60645E-01 2.05484E-01 
-3.53194E-01 2.06830E-01 
-3.43010E-01 2.06951E-01 
-3.32090E-01 2.06074E-01 
-3.20553E-01 2.04275E-01 
-3.08542E-01 2.01655E-01 
-2.96269E-01 1.98365E-01 
-2.84155E-01 1.94712E-01 
-2.73284E-01 1.91494E-01 
-2.66664E-01 1.90954E-01 
-2.70711E-01 1.98021E-01 
-2.89785E-01 2.16476E-01 
-3.11329E-01 2.37418E-01 
-3.16658E-01 2.46395E-01 
-3.75106E-01 1.57763E-01 
-3.77016E-01 1.68461E-01 
-3.85360E-01 1.74219E-01 
-3.83851E-01 1.82706E-01 
-3.81263E-01 1.90142E-01 
-3.77597E-01 1.96483E-01 
-3.72875E-01 2.01702E-01 
-3.68518E-01 2.04966E-01 
-3.67131E-01 2.05793E-01 
-3.59851E-01 2.08951E-01 
-3.51520E-01 2.10843E-01 
-3.42232E-01 2.11524E-01 
-3.32093E-01 2.11065E-01 
-3.22766E-01 2.09703E-01 
-3.10900E-01 2.07053E-01 
-2.98503E-01 2.03546E-01 
-2.85699E-01 1.99277E-01 
-2.72630E-01 1.94360E-01 
-2.59492E-01 1.88950E-01 
-2.46657E-01 1.83344E-01 
-2.35051E-01 1.78281E-01 
-2.27203E-01 1.75797E-01 
-2.28408E-01 1.80279E-01 
-2.42025E-01 1.94881E-01 
-2.57289E-01 2.11349E-01 
-2.58866E-01 2.16908E-01 
-3.66831E-01 1.83947E-01 
-3.65873E-01 1.91852E-01 
-3.72228E-01 1.96307E-01 
-3.68159E-01 2.01991E-01 
-3.63079E-01 2.06589E-01 
-3.57010E-01 2.10078E-01 
-3.49989E-01 2.12454E-01 
-3.43937E-01 2.13537E-01 
-3.42070E-01 2.13731E-01 
-3.32601E-01 2.13917E-01 
-3.22263E-01 2.12927E-01 
-3.11167E-01 2.10844E-01 
-2.99429E-01 2.07761E-01 
-2.88777E-01 2.04139E-01 
-2.75819E-01 1.99238E-01 
-2.62537E-01 1.93648E-01 
-2.49054E-01 1.87474E-01 
-2.35505E-01 1.80836E-01 
-2.22066E-01 1.73887E-01 
-2.09055E-01 1.66901E-01 
-1.97241E-01 1.60539E-01 
-1.88687E-01 1.56585E-01 
-1.87631E-01 1.58809E-01 
-1.96534E-01 1.69738E-01 
-2.06410E-01 1.81980E-01 
-2.05068E-01 1.84626E-01 
-3.50861E-01 1.99576E-01 
-3.47400E-01 2.04798E-01 
-3.51933E-01 2.07897E-01 
-3.45705E-01 2.10974E-01 
-3.38562E-01 2.12971E-01 
-3.30542E-01 2.13885E-01 
-3.21701E-01 2.13734E-01 
-3.14339E-01 2.12908E-01 
-3.12106E-01 2.12554E-01 
-3.01006E-01 2.10193E-01 
-2.89235E-01 2.06786E-01 
-2.76913E-01 2.02437E-01 
-2.64163E-01 1.97257E-01 
-2.52734E-01 1.91879E-01 
-2.39252E-01 1.85286E-01 
-2.25644E-01 1.78182E-01 
-2.12026E-01 1.70680E-01 
-1.98521E-01 1.62894E-01 
-1.85282E-01 1.54971E-01 
-1.72571E-01 1.47154E-01 
-1.61005E-01 1.40012E-01 
-1.52213E-01 1.35055E-01 
-1.49457E-01 1.35408E-01 
-1.54422E-01 1.43004E-01 
-1.59826E-01 1.51438E-01 
-1.56346E-01 1.51730E-01 
-3.28753E-01 2.05622E-01 
-3.23227E-01 2.08408E-01 
-3.26192E-01 2.10223E-01 
-3.18256E-01 2.10999E-01 
-3.09520E-01 2.10736E-01 
-3.00039E-01 2.09451E-01 
-2.89880E-01 2.07182E-01 
-2.81604E-01 2.04785E-01 
-2.79122E-01 2.03984E-01 
-2.66955E-01 1.99578E-01 
-2.54317E-01 1.94283E-01 
-2.41333E-01 1.88215E-01 
-2.28128E-01 1.81499E-01 
-2.16428E-01 1.74889E-01 
-2.02935E-01 1.67166E-01 
-1.89493E-01 1.59109E-01 
-1.76208E-01 1.50828E-01 
-1.63188E-01 1.42432E-01 
-1.50559E-01 1.34052E-01 
-1.38529E-01 1.25896E-01 
-1.27577E-01 1.18439E-01 
-1.18935E-01 1.12913E-01 
-1.15006E-01 1.11815E-01 
-1.16824E-01 1.16539E-01 
-1.18679E-01 1.21719E-01 
-1.13766E-01 1.20228E-01 
-3.01623E-01 2.03596E-01 
-2.94443E-01 2.04212E-01 
-2.96102E-01 2.04866E-01 
-2.86875E-01 2.03653E-01 
-2.76980E-01 2.01473E-01 
-2.66485E-01 1.98360E-01 
-2.55466E-01 1.94371E-01 
-2.46637E-01 1.90728E-01 
-2.44012E-01 1.89577E-01 
-2.31283E-01 1.83605E-01 
-2.18283E-01 1.76916E-01 
-2.05136E-01 1.69638E-01 
-1.91961E-01 1.61898E-01 
-1.80432E-01 1.54532E-01 
-1.67362E-01 1.46178E-01 
-1.54500E-01 1.37659E-01 
-1.41936E-01 1.29075E-01 
-1.29759E-01 1.20527E-01 
-1.18070E-01 1.12126E-01 
-1.07022E-01 1.04042E-01 
-9.69681E-02 9.66540E-02 
-8.87864E-02 9.09248E-02 
-8.41253E-02 8.87541E-02 
-8.34831E-02 9.10598E-02 
-8.25823E-02 9.35173E-02 
-7.68120E-02 9.07463E-02 
-2.71429E-01 1.95073E-01 
-2.63023E-01 1.93853E-01 
-2.63662E-01 1.93526E-01 
-2.53560E-01 1.90686E-01 
-2.42930E-01 1.86973E-01 
-2.31849E-01 1.82439E-01 
-2.20402E-01 1.77154E-01 
-2.11352E-01 1.72602E-01 
-2.08682E-01 1.71202E-01 
-1.95850E-01 1.64146E-01 
-1.82935E-01 1.56554E-01 
-1.70054E-01 1.48555E-01 
-1.57319E-01 1.40275E-01 
-1.46323E-01 1.32592E-01 
-1.34023E-01 1.24054E-01 
-1.22058E-01 1.15502E-01 
-1.10502E-01 1.07025E-01 
-9.94243E-02 9.87069E-02 
-8.88967E-02 9.06389E-02 
-7.90285E-02 8.29542E-02 
-7.00566E-02 7.59394E-02 
-6.25588E-02 7.03094E-02 
-5.75481E-02 6.74275E-02 
-5.51031E-02 6.78124E-02 
-5.21995E-02 6.81220E-02 
-4.60573E-02 6.45335E-02 
-2.39634E-01 1.81736E-01 
-2.30387E-01 1.79012E-01 
-2.30276E-01 1.77899E-01 
-2.19665E-01 1.73778E-01 
-2.08671E-01 1.68895E-01 
-1.97376E-01 1.63317E-01 
-1.85869E-01 1.57124E-01 
-1.76880E-01 1.51970E-01 
-1.74245E-01 1.50411E-01 
-1.61690E-01 1.42704E-01 
-1.49224E-01 1.34639E-01 
-1.36955E-01 1.26342E-01 
-1.24980E-01 1.17933E-01 
-1.14791E-01 1.10297E-01 
-1.03516E-01 1.01942E-01 
-9.26740E-02 9.37005E-02 
-8.23215E-02 8.56481E-02 
-7.25068E-02 7.78524E-02 
-6.32772E-02 7.03823E-02 
-5.46995E-02 6.33350E-02 
-4.69141E-02 5.69137E-02 
-4.02464E-02 5.16123E-02 
-3.51895E-02 4.83269E-02 
-3.15047E-02 4.72529E-02 
-2.72381E-02 4.59430E-02 
-2.10977E-02 4.19207E-02 
-2.07643E-01 1.65195E-01 
-1.97898E-01 1.61286E-01 
-1.97275E-01 1.59577E-01 
-1.86472E-01 1.54499E-01 
-1.75428E-01 1.48780E-01 
-1.64228E-01 1.42499E-01 
-1.52964E-01 1.35746E-01 
-1.44264E-01 1.30258E-01 
-1.41729E-01 1.28618E-01 
-1.29749E-01 1.20632E-01 
-1.18011E-01 1.12456E-01 
-1.06610E-01 1.04210E-01 
-9.56237E-02 9.60035E-02 
-8.64331E-02 8.87032E-02 
-7.63467E-02 8.08117E-02 
-6.67639E-02 7.31381E-02 
-5.77225E-02 6.57419E-02 
-4.92510E-02 5.86729E-02 
-4.13735E-02 5.19788E-02 
-3.41206E-02 4.57238E-02 
-2.75529E-02 4.00378E-02 
-2.17913E-02 3.52246E-02 
-1.69177E-02 3.17877E-02 
-1.24663E-02 2.96717E-02 
-7.36977E-03 2.72150E-02 
-1.50559E-03 2.30644E-02 
-1.76517E-01 1.46818E-01 
-1.66565E-01 1.42015E-01 
-1.65634E-01 1.39888E-01 
-1.54902E-01 1.34140E-01 
-1.44063E-01 1.27878E-01 
-1.33207E-01 1.21189E-01 
-1.22423E-01 1.14169E-01 
-1.14183E-01 1.08572E-01 
-1.11798E-01 1.06917E-01 
-1.00615E-01 9.89534E-02 
-8.98048E-02 9.09574E-02 
-7.94452E-02 8.30370E-02 
-6.95970E-02 7.52858E-02 
-6.15179E-02 6.85330E-02 
-5.27081E-02 6.13053E-02 
-4.44464E-02 5.43762E-02 
-3.67523E-02 4.77879E-02 
-2.96359E-02 4.15726E-02 
-2.31010E-02 3.57584E-02 
-1.71480E-02 3.03797E-02 
-1.17738E-02 2.55042E-02 
-6.93901E-03 2.12779E-02 
-2.41153E-03 1.78852E-02 
2.42492E-03 1.50848E-02 
7.92445E-03 1.18838E-02 
1.33248E-02 7.83523E-03 
-1.47167E-01 1.27799E-01 
-1.37249E-01 1.22365E-01 
-1.36180E-01 1.19977E-01 
-1.25730E-01 1.13811E-01 
-1.15298E-01 1.07257E-01 
-1.04973E-01 1.00408E-01 
-9.48421E-02 9.33619E-02 
-8.71872E-02 8.78377E-02 
-8.49850E-02 8.62179E-02 
-7.47475E-02 7.85150E-02 
-6.49900E-02 7.09188E-02 
-5.57720E-02 6.35231E-02 
-4.71351E-02 5.64045E-02 
-4.02120E-02 5.03398E-02 
-3.26975E-02 4.39018E-02 
-2.57521E-02 3.78200E-02 
-1.93785E-02 3.21196E-02 
-1.35706E-02 2.68162E-02 
-8.31470E-03 2.19198E-02 
-3.58749E-03 1.74401E-02 
6.63440E-04 1.33935E-02 
4.59740E-03 9.79991E-03 
8.67404E-03 6.59440E-03 
1.35977E-02 3.40707E-03 
1.91693E-02 -2.05965E-04 
2.39917E-02 -3.98971E-03 
-1.20200E-01 1.09060E-01 
-1.10512E-01 1.03224E-01 
-1.09440E-01 1.00711E-01 
-9.94337E-02 9.43400E-02 
-8.95588E-02 8.77017E-02 
-7.99012E-02 8.08927E-02 
-7.05413E-02 7.40109E-02 
-6.35500E-02 6.86972E-02 
-6.15521E-02 6.71523E-02 
-5.23454E-02 5.98843E-02 
-4.37017E-02 5.28425E-02 
-3.56619E-02 4.61045E-02 
-2.82485E-02 3.97287E-02 
-2.24705E-02 3.44300E-02 
-1.62155E-02 2.88438E-02 
-1.05311E-02 2.36507E-02 
-5.40448E-03 1.88593E-02 
-8.15757E-04 1.44704E-02 
3.26239E-03 1.04786E-02 
6.87173E-03 6.87321E-03 
1.01005E-02 3.63042E-03 
1.31928E-02 6.73265E-04 
1.67623E-02 -2.24883E-03 
2.15515E-02 -5.58651E-03 
2.69511E-02 -9.34921E-03 
3.11406E-02 -1.27637E-02 
-9.59671E-02 9.12642E-02 
-8.66610E-02 8.52209E-02 
-8.56918E-02 8.26962E-02 
-7.62502E-02 7.62954E-02 
-6.70382E-02 6.97402E-02 
-5.81371E-02 6.31279E-02 
-4.96202E-02 5.65541E-02 
-4.33345E-02 5.15516E-02 
-4.15509E-02 5.01091E-02 
-3.34092E-02 4.33956E-02 
-2.58895E-02 3.70063E-02 
-1.90151E-02 3.10024E-02 
-1.27902E-02 2.54236E-02 
-8.10426E-03 2.09176E-02 
-3.03356E-03 1.61946E-02 
1.48161E-03 1.18828E-02 
5.46688E-03 7.97648E-03 
8.95337E-03 4.46332E-03 
1.19789E-02 1.32530E-03 
1.45983E-02 -1.46431E-03 
1.69241E-02 -3.95927E-03 
1.92556E-02 -6.30720E-03 
2.22995E-02 -8.88892E-03 
2.67986E-02 -1.21970E-02 
3.18565E-02 -1.59114E-02 
3.54032E-02 -1.88996E-02 
-7.46707E-02 7.48920E-02 
-6.58607E-02 6.88031E-02 
-6.50709E-02 6.63579E-02 
-5.62773E-02 6.00694E-02 
-4.77954E-02 5.37277E-02 
-3.97005E-02 4.74292E-02 
-3.20579E-02 4.12653E-02 
-2.64889E-02 3.66415E-02 
-2.49206E-02 3.53191E-02 
-1.78346E-02 2.92316E-02 
-1.14075E-02 2.35451E-02 
-5.64572E-03 1.83036E-02 
-5.37023E-04 1.35294E-02 
3.14175E-03 9.80144E-03 
7.13301E-03 5.91199E-03 
1.05965E-02 2.43636E-03 
1.35682E-02 -6.43509E-04 
1.60876E-02 -3.35072E-03 
1.82001E-02 -5.71315E-03 
1.99687E-02 -7.76925E-03 
2.15207E-02 -9.59391E-03 
2.31861E-02 -1.13825E-02 
2.57156E-02 -1.35992E-02 
2.98246E-02 -1.67481E-02 
3.44336E-02 -2.02730E-02 
3.73612E-02 -2.28156E-02 
-5.62517E-02 6.01597E-02 
-4.80206E-02 5.41571E-02 
-4.74642E-02 5.18629E-02 
-3.93727E-02 4.57975E-02 
-3.16590E-02 3.97681E-02 
-2.43915E-02 3.38677E-02 
-1.76261E-02 2.81823E-02 
-1.27634E-02 2.39784E-02 
-1.14053E-02 2.27863E-02 
-5.33811E-03 1.73603E-02 
5.36072E-05 1.23912E-02 
4.77888E-03 7.90682E-03 
8.86410E-03 3.91324E-03 
1.16370E-02 9.21371E-04 
1.46668E-02 -2.18965E-03 
1.72062E-02 -4.89677E-03 
1.92987E-02 -7.22823E-03 
2.09898E-02 -9.21544E-03 
2.23292E-02 -1.08935E-02 
2.33848E-02 -1.23089E-02 
2.42902E-02 -1.35498E-02 
2.53870E-02 -1.48407E-02 
2.74322E-02 -1.66906E-02 
3.10943E-02 -1.95932E-02 
3.51950E-02 -2.28343E-02 
3.75482E-02 -2.49383E-02 
-4.07583E-02 4.73185E-02 
-3.31538E-02 4.15043E-02 
-3.28624E-02 3.94118E-02 
-2.54933E-02 3.36500E-02 
-1.85525E-02 2.79993E-02 
-1.21000E-02 2.25482E-02 
-6.18234E-03 1.73756E-02 
-1.99135E-03 1.36064E-02 
-8.31390E-04 1.25468E-02 
4.28613E-03 7.78114E-03 
8.72948E-03 3.50865E-03 
1.25210E-02 -2.57850E-04 
1.56988E-02 -3.52656E-03 
1.76851E-02 -5.85094E-03 
1.98874E-02 -8.26392E-03 
2.16424E-02 -1.02925E-02 
2.29989E-02 -1.19726E-02 
2.40059E-02 -1.33415E-02 
2.47151E-02 -1.44392E-02 
2.51956E-02 -1.53167E-02 
2.55815E-02 -1.60695E-02 
2.62111E-02 -1.69351E-02 
2.78194E-02 -1.84378E-02 
3.10174E-02 -2.10446E-02 
3.45942E-02 -2.39502E-02 
3.64363E-02 -2.56458E-02 
-2.77208E-02 3.61453E-02 
-2.07776E-02 3.05999E-02 
-2.07705E-02 2.87473E-02 
-1.41357E-02 2.33505E-02 
-7.96560E-03 1.81277E-02 
-2.31118E-03 1.31611E-02 
2.79084E-03 8.52160E-03 
6.34532E-03 5.19231E-03 
7.31907E-03 4.26509E-03 
1.15536E-02 1.47894E-04 
1.51305E-02 -3.45695E-03 
1.80833E-02 -6.55015E-03 
2.04596E-02 -9.15226E-03 
2.17671E-02 -1.08775E-02 
2.32606E-02 -1.26701E-02 
2.43543E-02 -1.41050E-02 
2.50997E-02 -1.52236E-02 
2.55471E-02 -1.60672E-02 
2.57485E-02 -1.66782E-02 
2.57714E-02 -1.71096E-02 
2.57457E-02 -1.74590E-02 
2.59957E-02 -1.79656E-02 
2.72146E-02 -1.91459E-02 
2.99487E-02 -2.14300E-02 
3.30047E-02 -2.39726E-02 
3.43967E-02 -2.52949E-02 
-1.70369E-02 2.66821E-02 
-1.07641E-02 2.14626E-02 
-1.10447E-02 1.98718E-02 
-5.13239E-03 1.48783E-02 
2.92007E-04 1.01090E-02 
5.18682E-03 5.63893E-03 
9.52516E-03 1.53034E-03 
1.24923E-02 -1.37069E-03 
1.32956E-02 -2.17059E-03 
1.67307E-02 -5.67287E-03 
1.95369E-02 -8.65872E-03 
2.17569E-02 -1.11406E-02 
2.34454E-02 -1.31492E-02 
2.41859E-02 -1.43545E-02 
2.50913E-02 -1.56137E-02 
2.56459E-02 -1.65467E-02 
2.59020E-02 -1.71984E-02 
2.59094E-02 -1.76118E-02 
2.57185E-02 -1.78302E-02 
2.53934E-02 -1.79064E-02 
2.50567E-02 -1.79360E-02 
2.50108E-02 -1.81511E-02 
2.58943E-02 -1.90439E-02 
2.81870E-02 -2.10016E-02 
3.07498E-02 -2.31796E-02 
3.17589E-02 -2.41738E-02 
-8.42512E-03 1.87921E-02 
-2.81581E-03 1.39360E-02 
-3.37666E-03 1.26169E-02 
1.83811E-03 8.04767E-03 
6.55321E-03 3.74110E-03 
1.07364E-02 -2.35462E-04 
1.43704E-02 -3.82881E-03 
1.68034E-02 -6.32232E-03 
1.74530E-02 -7.00232E-03 
2.01747E-02 -9.93333E-03 
2.23058E-02 -1.23563E-02 
2.38958E-02 -1.42936E-02 
2.50044E-02 -1.57841E-02 
2.52816E-02 -1.65479E-02 
2.57096E-02 -1.73583E-02 
2.58355E-02 -1.78768E-02 
2.57110E-02 -1.81499E-02 
2.53836E-02 -1.82208E-02 
2.49009E-02 -1.81321E-02 
2.43226E-02 -1.79346E-02 
2.37612E-02 -1.77194E-02 
2.34929E-02 -1.77049E-02 
2.40943E-02 -1.83482E-02 
2.59799E-02 -1.99909E-02 
2.80894E-02 -2.18185E-02 
2.87806E-02 -2.25321E-02 
-1.60396E-03 1.23118E-02 
3.36139E-03 7.84078E-03 
2.53607E-03 6.79321E-03 
7.08806E-03 2.65479E-03 
1.11384E-02 -1.19277E-03 
1.46641E-02 -4.69041E-03 
1.76569E-02 -7.79387E-03 
1.96104E-02 -9.90665E-03 
2.01232E-02 -1.04757E-02 
2.22167E-02 -1.28849E-02 
2.37643E-02 -1.48042E-02 
2.48209E-02 -1.62643E-02 
2.54489E-02 -1.73102E-02 
2.53565E-02 -1.77070E-02 
2.54055E-02 -1.81473E-02 
2.51999E-02 -1.83315E-02 
2.47888E-02 -1.83057E-02 
2.42169E-02 -1.81123E-02 
2.35279E-02 -1.77917E-02 
2.27760E-02 -1.73918E-02 
2.20623E-02 -1.69969E-02 
2.16345E-02 -1.68078E-02 
2.20040E-02 -1.72398E-02 
2.35236E-02 -1.85888E-02 
2.52269E-02 -2.00912E-02 
2.56600E-02 -2.05704E-02 
3.69451E-03 7.06862E-03 
8.04513E-03 2.99095E-03 
6.97722E-03 2.20672E-03 
1.09083E-02 -1.50572E-03 
1.43437E-02 -4.90815E-03 
1.72694E-02 -7.94988E-03 
1.96856E-02 -1.05954E-02 
2.12138E-02 -1.23580E-02 
2.16061E-02 -1.28260E-02 
2.31529E-02 -1.47651E-02 
2.42029E-02 -1.62400E-02 
2.48144E-02 -1.72880E-02 
2.50508E-02 -1.79584E-02 
2.46709E-02 -1.80561E-02 
2.44268E-02 -1.81976E-02 
2.39729E-02 -1.81187E-02 
2.33551E-02 -1.78640E-02 
2.26144E-02 -1.74740E-02 
2.17897E-02 -1.69861E-02 
2.09293E-02 -1.64443E-02 
2.01228E-02 -1.59250E-02 
1.95880E-02 -1.56089E-02 
1.97715E-02 -1.58661E-02 
2.09693E-02 -1.69490E-02 
2.23163E-02 -1.81576E-02 
2.25453E-02 -1.84462E-02 
7.71872E-03 2.89050E-03 
1.14907E-02 -7.96232E-04 
1.02061E-02 -1.33137E-03 
1.35625E-02 -4.63141E-03 
1.64358E-02 -7.60997E-03 
1.88200E-02 -1.02245E-02 
2.07230E-02 -1.24479E-02 
2.18778E-02 -1.38925E-02 
2.21653E-02 -1.42694E-02 
2.32416E-02 -1.57903E-02 
2.38721E-02 -1.68777E-02 
2.41172E-02 -1.75742E-02 
2.40403E-02 -1.79320E-02 
2.34435E-02 -1.77911E-02 
2.29791E-02 -1.76964E-02 
2.23469E-02 -1.74161E-02 
2.15886E-02 -1.69925E-02 
2.07407E-02 -1.64630E-02 
1.98376E-02 -1.58619E-02 
1.89210E-02 -1.52283E-02 
1.80689E-02 -1.46301E-02 
1.74700E-02 -1.42273E-02 
1.75084E-02 -1.43437E-02 
1.84289E-02 -1.51911E-02 
1.94695E-02 -1.61407E-02 
1.95417E-02 -1.62783E-02 
1.06905E-02 -3.84205E-04 
1.39244E-02 -3.69066E-03 
1.24515E-02 -3.99533E-03 
1.52821E-02 -6.90306E-03 
1.76468E-02 -9.48414E-03 
1.95473E-02 -1.17039E-02 
2.09982E-02 -1.35429E-02 
2.18285E-02 -1.47018E-02 
2.20256E-02 -1.49977E-02 
2.27011E-02 -1.61502E-02 
2.29822E-02 -1.69032E-02 
2.29301E-02 -1.73033E-02 
2.26072E-02 -1.74046E-02 
2.18529E-02 -1.70776E-02 
2.12291E-02 -1.68006E-02 
2.04760E-02 -1.63713E-02 
1.96309E-02 -1.58290E-02 
1.87254E-02 -1.52074E-02 
1.77890E-02 -1.45371E-02 
1.68572E-02 -1.38524E-02 
1.59963E-02 -1.32124E-02 
1.53675E-02 -1.27560E-02 
1.52966E-02 -1.27622E-02 
1.59826E-02 -1.34060E-02 
1.67648E-02 -1.41320E-02 
1.67207E-02 -1.41538E-02 
1.28051E-02 -2.90395E-03 
1.55443E-02 -5.84683E-03 
1.39121E-02 -5.94238E-03 
1.62663E-02 -8.48225E-03 
1.81753E-02 -1.06953E-02 
1.96477E-02 -1.25543E-02 
2.07038E-02 -1.40468E-02 
2.12546E-02 -1.49515E-02 
2.13745E-02 -1.51758E-02 
2.17118E-02 -1.60066E-02 
2.17050E-02 -1.64736E-02 
2.14154E-02 -1.66264E-02 
2.09035E-02 -1.65199E-02 
2.00407E-02 -1.60515E-02 
1.93076E-02 -1.56378E-02 
1.84801E-02 -1.51032E-02 
1.75909E-02 -1.44834E-02 
1.66666E-02 -1.38083E-02 
1.57318E-02 -1.31043E-02 
1.48158E-02 -1.24007E-02 
1.39742E-02 -1.17480E-02 
1.33423E-02 -1.12650E-02 
1.31924E-02 -1.11880E-02 
1.36842E-02 -1.16594E-02 
1.42525E-02 -1.21965E-02 
1.41263E-02 -1.21330E-02 
1.42327E-02 -4.80368E-03 
1.65204E-02 -7.40322E-03 
1.47577E-02 -7.31213E-03 
1.66832E-02 -9.51057E-03 
1.81867E-02 -1.13860E-02 
1.92827E-02 -1.29179E-02 
1.99963E-02 -1.41001E-02 
2.03078E-02 -1.47799E-02 
2.03623E-02 -1.49414E-02 
2.04163E-02 -1.54928E-02 
2.01746E-02 -1.57166E-02 
1.96980E-02 -1.56646E-02 
1.90445E-02 -1.53921E-02 
1.81129E-02 -1.48195E-02 
1.73107E-02 -1.43070E-02 
1.64459E-02 -1.37028E-02 
1.55460E-02 -1.30389E-02 
1.46328E-02 -1.23410E-02 
1.37259E-02 -1.16311E-02 
1.28488E-02 -1.09338E-02 
1.20471E-02 -1.02912E-02 
1.14326E-02 -9.80283E-03 
1.12294E-02 -9.66611E-03 
1.15633E-02 -9.99434E-03 
1.19578E-02 -1.03750E-02 
1.17776E-02 -1.02519E-02 
1.51068E-02 -6.18497E-03 
1.69897E-02 -8.46693E-03 
1.51246E-02 -8.21351E-03 
1.66709E-02 -1.01010E-02 
1.78195E-02 -1.16722E-02 
1.85898E-02 -1.29124E-02 
1.90111E-02 -1.38211E-02 
1.91212E-02 -1.43050E-02 
1.91211E-02 -1.44122E-02 
1.89421E-02 -1.47244E-02 
1.85126E-02 -1.47445E-02 
1.78926E-02 -1.45261E-02 
1.71377E-02 -1.41240E-02 
1.61695E-02 -1.34789E-02 
1.53309E-02 -1.28993E-02 
1.44578E-02 -1.22551E-02 
1.35727E-02 -1.15739E-02 
1.26927E-02 -1.08773E-02 
1.18326E-02 -1.01831E-02 
1.10105E-02 -9.51089E-03 
1.02629E-02 -8.89526E-03 
9.68068E-03 -8.41825E-03 
9.44569E-03 -8.24204E-03 
9.65526E-03 -8.45537E-03 
9.91302E-03 -8.71056E-03 
9.70193E-03 -8.54959E-03 
1.55583E-02 -7.16471E-03 
1.70760E-02 -9.15200E-03 
1.51339E-02 -8.75792E-03 
1.63426E-02 -1.03610E-02 
1.71787E-02 -1.16565E-02 
1.76656E-02 -1.26348E-02 
1.78357E-02 -1.33007E-02 
1.77754E-02 -1.36126E-02 
1.77295E-02 -1.36723E-02 
1.73578E-02 -1.37783E-02 
1.67783E-02 -1.36266E-02 
1.60498E-02 -1.32724E-02 
1.52251E-02 -1.27702E-02 
1.42452E-02 -1.20775E-02 
1.33956E-02 -1.14560E-02 
1.25366E-02 -1.07950E-02 
1.16857E-02 -1.01177E-02 
1.08554E-02 -9.44100E-03 
1.00559E-02 -8.77882E-03 
9.30039E-03 -8.14609E-03 
8.61690E-03 -7.57016E-03 
8.07795E-03 -7.11726E-03 
7.82833E-03 -6.91811E-03 
7.94161E-03 -7.04056E-03 
8.09317E-03 -7.19643E-03 
7.86912E-03 -7.01506E-03 
1.56786E-02 -7.81585E-03 
1.68717E-02 -9.53392E-03 
1.48760E-02 -9.02085E-03 
1.57883E-02 -1.03674E-02 
1.63529E-02 -1.14163E-02 
1.65964E-02 -1.21627E-02 
1.65539E-02 -1.26154E-02 
1.63513E-02 -1.27779E-02 
1.62675E-02 -1.27967E-02 
1.57394E-02 -1.27267E-02 
1.50429E-02 -1.24323E-02 
1.42355E-02 -1.19696E-02 
1.33675E-02 -1.13926E-02 
1.23960E-02 -1.06733E-02 
1.15555E-02 -1.00311E-02 
1.07278E-02 -9.37215E-03 
9.92543E-03 -8.71511E-03 
9.15633E-03 -8.07271E-03 
8.42649E-03 -7.45460E-03 
7.74444E-03 -6.87144E-03 
7.13100E-03 -6.34403E-03 
6.64254E-03 -5.92459E-03 
6.39221E-03 -5.71643E-03 
6.43413E-03 -5.77001E-03 
6.50659E-03 -5.85043E-03 
6.28370E-03 -5.66279E-03 
1.55483E-02 -8.20826E-03 
1.64545E-02 -9.68199E-03 
1.44260E-02 -9.06996E-03 
1.50797E-02 -1.01864E-02 
1.54096E-02 -1.10158E-02 
1.54453E-02 -1.15574E-02 
1.52236E-02 -1.18237E-02 
1.49032E-02 -1.18568E-02 
1.47885E-02 -1.18405E-02 
1.41348E-02 -1.16210E-02 
1.33489E-02 -1.12088E-02 
1.24874E-02 -1.06610E-02 
1.15976E-02 -1.00306E-02 
1.06500E-02 -9.30183E-03 
9.83443E-03 -8.65613E-03 
9.05098E-03 -8.01435E-03 
8.30744E-03 -7.39048E-03 
7.60730E-03 -6.79296E-03 
6.95262E-03 -6.22750E-03 
6.34778E-03 -5.70073E-03 
5.80726E-03 -5.22764E-03 
5.37366E-03 -4.84822E-03 
5.13344E-03 -4.64225E-03 
5.12511E-03 -4.64607E-03 
5.14131E-03 -4.67159E-03 
4.93008E-03 -4.48863E-03 
1.52322E-02 -8.39909E-03 
1.58862E-02 -9.65240E-03 
1.38433E-02 -8.95958E-03 
1.42721E-02 -9.87060E-03 
1.44005E-02 -1.05055E-02 
1.42596E-02 -1.08668E-02 
1.38882E-02 -1.09705E-02 
1.34709E-02 -1.08919E-02 
1.33311E-02 -1.08455E-02 
1.25781E-02 -1.04998E-02 
1.17263E-02 -9.99145E-03 
1.08312E-02 -9.37862E-03 
9.93737E-03 -8.71312E-03 
9.02604E-03 -7.98912E-03 
8.24772E-03 -7.35412E-03 
7.51820E-03 -6.74151E-03 
6.84055E-03 -6.16062E-03 
6.21410E-03 -5.61565E-03 
5.63726E-03 -5.10856E-03 
5.11075E-03 -4.64233E-03 
4.64362E-03 -4.22683E-03 
4.26691E-03 -3.89161E-03 
4.04491E-03 -3.69662E-03 
4.00388E-03 -3.66692E-03 
3.98268E-03 -3.65491E-03 
3.79056E-03 -3.48475E-03 
1.47818E-02 -8.43494E-03 
1.52154E-02 -9.49031E-03 
1.31735E-02 -8.73290E-03 
1.34079E-02 -9.46113E-03 
1.33638E-02 -9.92402E-03 
1.30738E-02 -1.01271E-02 
1.25780E-02 -1.00894E-02 
1.20820E-02 -9.91476E-03 
1.19222E-02 -9.84271E-03 
1.10923E-02 -9.39114E-03 
1.01946E-02 -8.80564E-03 
9.28325E-03 -8.14526E-03 
8.40027E-03 -7.46055E-03 
7.53490E-03 -6.75325E-03 
6.80357E-03 -6.14077E-03 
6.13505E-03 -5.56691E-03 
5.52790E-03 -5.03635E-03 
4.97750E-03 -4.54917E-03 
4.47897E-03 -4.10384E-03 
4.02987E-03 -3.70008E-03 
3.63469E-03 -3.34338E-03 
3.31495E-03 -3.05452E-03 
3.11691E-03 -2.87708E-03 
3.05739E-03 -2.82734E-03 
3.01400E-03 -2.79213E-03 
2.84582E-03 -2.64041E-03 
1.42382E-02 -8.35344E-03 
1.44800E-02 -9.23184E-03 
1.24523E-02 -8.42410E-03 
1.25193E-02 -8.99022E-03 
1.23284E-02 -9.30151E-03 
1.19134E-02 -9.36611E-03 
1.13152E-02 -9.20575E-03 
1.07562E-02 -8.94894E-03 
1.05807E-02 -8.85518E-03 
9.69342E-03 -8.31586E-03 
8.76699E-03 -7.67018E-03 
7.85436E-03 -6.97791E-03 
6.99478E-03 -6.28800E-03 
6.18320E-03 -5.60764E-03 
5.50649E-03 -5.02757E-03 
4.90400E-03 -4.50004E-03 
4.36987E-03 -4.02507E-03 
3.89589E-03 -3.59884E-03 
3.47428E-03 -3.21664E-03 
3.09993E-03 -2.87537E-03 
2.77368E-03 -2.57688E-03 
2.50935E-03 -2.33478E-03 
2.33885E-03 -2.17941E-03 
2.27205E-03 -2.12048E-03 
2.21838E-03 -2.07353E-03 
2.07668E-03 -1.94371E-03 
1.36314E-02 -8.18416E-03 
1.37066E-02 -8.90441E-03 
1.17038E-02 -8.05855E-03 
1.16271E-02 -8.48079E-03 
1.13116E-02 -8.65830E-03 
1.07921E-02 -8.60157E-03 
1.01104E-02 -8.33496E-03 
9.50191E-03 -8.00816E-03 
9.31445E-03 -7.89618E-03 
8.38662E-03 -7.28523E-03 
7.44655E-03 -6.59467E-03 
6.54590E-03 -5.88472E-03 
5.72076E-03 -5.20230E-03 
4.96962E-03 -4.55796E-03 
4.35374E-03 -4.01882E-03 
3.82081E-03 -3.54367E-03 
3.36079E-03 -3.12798E-03 
2.96219E-03 -2.76425E-03 
2.61479E-03 -2.44499E-03 
2.31136E-03 -2.16477E-03 
2.04987E-03 -1.92253E-03 
1.83819E-03 -1.72618E-03 
1.69705E-03 -1.59566E-03 
1.63137E-03 -1.53592E-03 
1.57632E-03 -1.48599E-03 
1.46186E-03 -1.37971E-03 
1.29900E-02 -7.95221E-03 
1.29220E-02 -8.53237E-03 
1.09528E-02 -7.65905E-03 
1.07537E-02 -7.95460E-03 
1.03337E-02 -8.01501E-03 
9.72821E-03 -7.85292E-03 
8.98004E-03 -7.49536E-03 
8.33414E-03 -7.10999E-03 
8.13814E-03 -6.98305E-03 
7.18499E-03 -6.31565E-03 
6.24493E-03 -5.59467E-03 
5.36810E-03 -4.88040E-03 
4.58702E-03 -4.21715E-03 
3.90157E-03 -3.61670E-03 
3.35101E-03 -3.12547E-03 
2.88933E-03 -2.70695E-03 
2.50255E-03 -2.35222E-03 
2.17638E-03 -2.05054E-03 
1.89867E-03 -1.79209E-03 
1.66066E-03 -1.56964E-03 
1.45829E-03 -1.37997E-03 
1.29497E-03 -1.22672E-03 
1.18315E-03 -1.12195E-03 
1.12446E-03 -1.06745E-03 
1.07424E-03 -1.02086E-03 
9.86000E-04 -9.37949E-04 
1.23303E-02 -7.67580E-03 
1.21394E-02 -8.13159E-03 
1.02106E-02 -7.23971E-03 
9.90736E-03 -7.42338E-03 
9.39991E-03 -7.38102E-03 
8.72427E-03 -7.12742E-03 
7.92419E-03 -6.69229E-03 
7.25149E-03 -6.25851E-03 
7.04995E-03 -6.11957E-03 
6.08511E-03 -5.40965E-03 
5.15756E-03 -4.67178E-03 
4.31554E-03 -3.96583E-03 
3.58739E-03 -3.33275E-03 
2.97232E-03 -2.78345E-03 
2.49069E-03 -2.34612E-03 
2.10093E-03 -1.98733E-03 
1.78549E-03 -1.69402E-03 
1.52781E-03 -1.45265E-03 
1.31438E-03 -1.25167E-03 
1.13554E-03 -1.08264E-03 
9.85932E-04 -9.40900E-04 
8.65913E-04 -8.27059E-04 
7.82013E-04 -7.47535E-04 
7.33916E-04 -7.02149E-04 
6.92355E-04 -6.62954E-04 
6.28133E-04 -6.01979E-04 
1.16668E-02 -7.36974E-03 
1.13708E-02 -7.71538E-03 
9.48763E-03 -6.81238E-03 
9.09646E-03 -6.89742E-03 
8.51652E-03 -6.76515E-03 
7.78459E-03 -6.43249E-03 
6.94561E-03 -5.93206E-03 
6.25567E-03 -5.45932E-03 
6.05132E-03 -5.31116E-03 
5.08738E-03 -4.57198E-03 
4.18409E-03 -3.83033E-03 
3.38722E-03 -3.14495E-03 
2.72019E-03 -2.55248E-03 
2.17951E-03 -2.06093E-03 
1.76933E-03 -1.68242E-03 
1.45092E-03 -1.38508E-03 
1.20362E-03 -1.15214E-03 
1.00919E-03 -9.67859E-04 
8.53495E-04 -8.19616E-04 
7.26583E-04 -6.98406E-04 
6.22563E-04 -5.98859E-04 
5.39901E-04 -5.19669E-04 
4.81246E-04 -4.63485E-04 
4.45334E-04 -4.29155E-04 
4.14195E-04 -3.99406E-04 
3.70761E-04 -3.57786E-04 
1.10102E-02 -7.04553E-03 
1.06248E-02 -7.29376E-03 
8.79123E-03 -6.38582E-03 
8.32613E-03 -6.38404E-03 
7.68680E-03 -6.17334E-03 
6.91086E-03 -5.77292E-03 
6.04463E-03 -5.21850E-03 
5.34621E-03 -4.71573E-03 
5.14158E-03 -4.56099E-03 
4.19038E-03 -3.80538E-03 
3.32256E-03 -3.07278E-03 
2.58072E-03 -2.41996E-03 
1.98239E-03 -1.87808E-03 
1.51948E-03 -1.45022E-03 
1.18222E-03 -1.13428E-03 
9.33330E-04 -8.98745E-04 
7.49627E-04 -7.23613E-04 
6.12024E-04 -5.91735E-04 
5.06457E-04 -4.90179E-04 
4.23402E-04 -4.10075E-04 
3.57104E-04 -3.46029E-04 
3.05169E-04 -2.95815E-04 
2.68002E-04 -2.59872E-04 
2.44121E-04 -2.36793E-04 
2.23411E-04 -2.16796E-04 
1.96799E-04 -1.91090E-04 
1.03684E-02 -6.71206E-03 
9.90740E-03 -6.87426E-03 
8.12613E-03 -5.96648E-03 
7.59944E-03 -5.88843E-03 
6.91225E-03 -5.60964E-03 
6.10320E-03 -5.15176E-03 
5.22030E-03 -4.55392E-03 
4.52152E-03 -4.02964E-03 
4.31898E-03 -3.87087E-03 
3.39178E-03 -3.11137E-03 
2.57025E-03 -2.40049E-03 
1.89291E-03 -1.79198E-03 
1.37029E-03 -1.31019E-03 
9.87832E-04 -9.51214E-04 
7.23758E-04 -7.00368E-04 
5.41192E-04 -5.25424E-04 
4.15177E-04 -4.03924E-04 
3.26705E-04 -3.18247E-04 
2.62668E-04 -2.56044E-04 
2.14656E-04 -2.09313E-04 
1.77683E-04 -1.73284E-04 
1.49334E-04 -1.45642E-04 
1.29043E-04 -1.25849E-04 
1.15585E-04 -1.12720E-04 
1.03889E-04 -1.01327E-04 
8.96965E-05 -8.75276E-05 
9.74674E-03 -6.37606E-03 
9.22230E-03 -6.46240E-03 
7.49518E-03 -5.55892E-03 
6.91768E-03 -5.41402E-03 
6.19280E-03 -5.07647E-03 
5.36043E-03 -4.57061E-03 
4.47055E-03 -3.93930E-03 
3.77900E-03 -3.40171E-03 
3.58081E-03 -3.24140E-03 
2.68841E-03 -2.49035E-03 
1.92367E-03 -1.81376E-03 
1.31997E-03 -1.26112E-03 
8.79434E-04 -8.48327E-04 
5.79252E-04 -5.62526E-04 
3.87234E-04 -3.77754E-04 
2.66153E-04 -2.60371E-04 
1.90327E-04 -1.86487E-04 
1.41974E-04 -1.39208E-04 
1.09909E-04 -1.07781E-04 
8.75311E-05 -8.58181E-05 
7.11658E-05 -6.97451E-05 
5.90066E-05 -5.78002E-05 
5.04168E-05 -4.93581E-05 
4.46691E-05 -4.37053E-05 
3.95424E-05 -3.86766E-05 
3.32750E-05 -3.25558E-05 
9.14894E-03 -6.04252E-03 
8.57159E-03 -6.06199E-03 
6.89968E-03 -5.16618E-03 
6.28086E-03 -4.96287E-03 
5.52728E-03 -4.57501E-03 
4.68039E-03 -4.02995E-03 
3.79248E-03 -3.37463E-03 
3.11536E-03 -2.83169E-03 
2.92366E-03 -2.67229E-03 
2.07653E-03 -1.94188E-03 
1.37882E-03 -1.31207E-03 
8.57497E-04 -8.26571E-04 
5.04669E-04 -4.90972E-04 
2.87383E-04 -2.81342E-04 
1.64314E-04 -1.61496E-04 
9.76575E-05 -9.61812E-05 
6.25096E-05 -6.16064E-05 
4.37843E-05 -4.31431E-05 
3.32717E-05 -3.27640E-05 
2.68035E-05 -2.63745E-05 
2.23829E-05 -2.20078E-05 
1.91783E-05 -1.88431E-05 
1.69971E-05 -1.66880E-05 
1.56226E-05 -1.53282E-05 
1.40910E-05 -1.38193E-05 
1.16125E-05 -1.13879E-05 
8.57781E-03 -5.71541E-03 
7.95679E-03 -5.67610E-03 
6.34053E-03 -4.79065E-03 
5.68874E-03 -4.53654E-03 
4.91449E-03 -4.10612E-03 
4.06109E-03 -3.53008E-03 
3.18347E-03 -2.85980E-03 
2.52759E-03 -2.31927E-03 
2.34444E-03 -2.16317E-03 
1.55269E-03 -1.46547E-03 
9.31946E-04 -8.94796E-04 
5.01179E-04 -4.87275E-04 
2.40342E-04 -2.35740E-04 
1.04267E-04 -1.02852E-04 
4.36165E-05 -4.31493E-05 
2.07984E-05 -2.05957E-05 
1.40645E-05 -1.39499E-05 
1.28989E-05 -1.28293E-05 
1.30610E-05 -1.30207E-05 
1.31440E-05 -1.31226E-05 
1.28502E-05 -1.28397E-05 
1.23175E-05 -1.23128E-05 
1.18865E-05 -1.18846E-05 
1.16669E-05 -1.16661E-05 
1.09485E-05 -1.09483E-05 
9.08567E-06 -9.08559E-06 
---
